12 12:23:41.385 16278 16292 I Unity   : !!!Time = 5.24
12 12:23:41.386 16278 16292 I Unity   : !!!Cube is GreenRM (UnityEngine.GameObject)
0.07652806,0,0,0
0.07654193,0,0,0
0.07655629,0,0,0
0.0765691,0,0,0
0.07657848,0,0,0
0.07658201,0,0,0
0.07658339,0,0,0
0.0765818,0,0,0
0.07658006,0,0,0
0.07657824,0,0,0
0.07657789,0,0,0
0.07657832,0,0,0
0.07657882,0,0,0
0.07658002,0,0,0
0.07658093,0,0,0
0.0765805,0,0,0
0.07658001,0,0,0
0.07657912,0,0,0
0.07657707,0,0,0
0.07657419,0,0,0
0.07657187,0,0,0
0.07657075,0,0,0
0.07657003,0,0,0
0.07656949,0,0,0
0.07656925,0,0,0
0.07656976,0,0,0
0.07657068,0,0,0
0.07657206,0,0,0
0.07657376,0,0,0
0.07657541,0,0,0
0.07657679,0,0,0
0.07657748,0,0,0
0.07657718,0,0,0
0.07657554,0,0,0
0.07657369,0,0,0
0.07657164,0,0,0
0.07656961,0,0,0
0.07656773,0,0,0
0.07656711,0,0,0
0.07656861,0,0,0
0.07657246,0,0,0
0.0765778,0,0,0
0.07658011,0,0,0
0.07658257,0,0,0
0.07658418,0,0,0
0.07658499,0,0,0
0.07658472,0,0,0
0.07658299,0,0,0
0.07658054,0,0,0
0.07657664,0,0,0
0.07657056,0,0,0
0.07656514,0,0,0
0.07655852,0,0,0
0.0765511,0,0,0
0.07654779,0,0,0
0.07654901,0,0,0
0.07655527,0,0,0
0.07656354,0,0,0
0.07657516,0,0,0
0.07658703,0,0,0
0.07659844,0,0,0
0.07660835,0,0,0
0.07661544,0,0,0
0.07661901,0,0,0
0.07661922,0,0,0
0.07661586,0,0,0
0.0766079,0,0,0
0.0765949,0,0,0
0.07657763,0,0,0
0.07655767,0,0,0
0.07653866,0,0,0
0.07651056,0,0,0
0.07649443,0,0,0
0.07647984,0,0,0
0.07646932,0,0,0
0.07646375,0,0,0
0.07646052,0,0,0
0.07646196,0,0,0
0.07646721,0,0,0
0.07647552,0,0,0
0.07648518,0,0,0
0.07649438,0,0,0
0.076502,0,0,0
0.07650629,0,0,0
0.076508,0,0,0
0.07650688,0,0,0
0.07650278,0,0,0
0.07649766,0,0,0
0.07648977,0,0,0
0.07647997,0,0,0
0.07646882,0,0,0
0.07645754,0,0,0
0.07644626,0,0,0
0.07643505,0,0,0
0.07642294,0,0,0
0.07641017,0,0,0
0.0763977,0,0,0
0.07638939,0,0,0
0.07638178,0,0,0
0.07637823,0,0,0
0.0763772,0,0,0
0.07638036,0,0,0
0.0763877,0,0,0
0.07640177,0,0,0
0.07641887,0,0,0
0.07643626,0,0,0
0.07644602,0,0,0
0.07645404,0,0,0
0.07645711,0,0,0
0.07645591,0,0,0
0.07645196,0,0,0
0.07644779,0,0,0
0.07644648,0,0,0
0.07644909,0,0,0
0.07645656,0,0,0
0.07646434,0,0,0
0.07646908,0,0,0
0.07646933,0,0,0
0.07646886,0,0,0
0.07646842,0,0,0
0.07647111,0,0,0
0.07648032,0,0,0
0.07649755,0,0,0
0.07651689,0,0,0
0.07653384,0,0,0
0.07653942,0,0,0
0.07653406,0,0,0
0.07651549,0,0,0
0.07648518,0,0,0
0.07644551,0,0,0
0.07640485,0,0,0
0.076366,0,0,0
0.07634551,0,0,0
0.07632922,0,0,0
0.0763194,0,0,0
0.07631463,0,0,0
0.07631423,0,0,0
0.0763192,0,0,0
0.07632966,0,0,0
0.07634375,0,0,0
0.07636132,0,0,0
0.07638238,0,0,0
0.07640602,0,0,0
0.0764306,0,0,0
0.0764586,0,0,0
0.07649427,0,0,0
0.07652809,0,0,0
0.076558,0,0,0
0.07659148,0,0,0
0.07661761,0,0,0
0.0766462,0,0,0
0.07666696,0,0,0
0.07668396,0,0,0
0.07670461,0,0,0
0.07671865,0,0,0
0.0767326,0,0,0
0.07674216,0,0,0
0.07675277,0,0,0
0.07676714,0,0,0
0.0767813,0,0,0
0.07680269,0,0,0
0.07684172,0,0,0
0.07686953,0,0,0
0.07691349,0,0,0
0.07697007,0,0,0
0.07701316,0,0,0
0.07706089,0,0,0
0.0771061,0,0,0
0.07715052,0,0,0
0.07719418,0,0,0
0.07723664,0,0,0
0.0772768,0,0,0
0.07731375,0,0,0
0.07734796,0,0,0
0.07737453,0,0,0
0.07740393,0,0,0
0.07742642,0,0,0
0.0774385,0,0,0
0.07744819,0,0,0
0.07745112,0,0,0
0.07744285,0,0,0
0.07743075,0,0,0
0.07740986,0,0,0
0.07738789,0,0,0
0.0773656,0,0,0
0.07733148,0,0,0
0.07729947,0,0,0
0.0772723,0,0,0
0.07723739,0,0,0
0.07721251,0,0,0
0.07718654,0,0,0
0.07716333,0,0,0
0.07715087,0,0,0
0.07714169,0,0,0
0.07713647,0,0,0
0.07713591,0,0,0
0.0771405,0,0,0
0.07714852,0,0,0
0.07716223,0,0,0
0.07718414,0,0,0
0.07720691,0,0,0
0.07723303,0,0,0
0.07724815,0,0,0
0.07725438,0,0,0
0.07725336,0,0,0
0.07724147,0,0,0
0.07720876,0,0,0
0.07717693,0,0,0
0.07713954,0,0,0
0.07710002,0,0,0
0.07707299,0,0,0
0.07704657,0,0,0
0.07702426,0,0,0
0.07700591,0,0,0
0.07699119,0,0,0
0.07697891,0,0,0
0.07696938,0,0,0
0.07696262,0,0,0
0.07695719,0,0,0
0.07695362,0,0,0
0.07695025,0,0,0
0.07694723,0,0,0
0.07694637,0,0,0
0.07694802,0,0,0
0.07695112,0,0,0
0.07695477,0,0,0
0.07695784,0,0,0
0.07696038,0,0,0
0.07696196,0,0,0
0.07696315,0,0,0
0.07696275,0,0,0
0.07695873,0,0,0
0.07695212,0,0,0
0.0769419,0,0,0
0.07692882,0,0,0
0.07691827,0,0,0
0.07690204,0,0,0
0.07689048,0,0,0
0.0768797,0,0,0
0.0768733,0,0,0
0.07686956,0,0,0
0.07686514,0,0,0
0.07686082,0,0,0
0.07685693,0,0,0
0.0768549,0,0,0
0.07684874,0,0,0
0.07684106,0,0,0
0.0768325,0,0,0
0.07682385,0,0,0
0.07681548,0,0,0
0.07680728,0,0,0
0.07679843,0,0,0
0.07679211,0,0,0
0.07678384,0,0,0
0.07677571,0,0,0
0.07676865,0,0,0
0.07676167,0,0,0
0.07675538,0,0,0
0.07674851,0,0,0
0.07674035,0,0,0
0.07673403,0,0,0
0.07672691,0,0,0
0.07672351,0,0,0
0.07672287,0,0,0
0.0767343,0,0,0
0.07676096,0,0,0
0.07682749,0,0,0
0.07690331,0,0,0
0.0770139,0,0,0
0.07713313,0,0,0
0.07724735,0,0,0
0.07735818,0,0,0
0.07746994,0,0,0
0.07757093,0,0,0
0.0776679,0,0,0
0.07771354,0,0,0
0.07773405,0,0,0
0.07779326,0,0,0
0.07787884,0,0,0
0.07793178,0,0,0
0.07798536,0,0,0
0.07803402,0,0,0
0.0780567,0,0,0
0.07809348,0,0,0
0.07813847,0,0,0
0.07818469,0,0,0
0.07821851,0,0,0
0.07824647,0,0,0
0.07826161,0,0,0
0.07826877,0,0,0
0.07826188,0,0,0
0.07824203,0,0,0
0.07821093,0,0,0
0.07816874,0,0,0
0.07810133,0,0,0
0.07804003,0,0,0
0.07797601,0,0,0
0.07793438,0,0,0
0.07789489,0,0,0
0.07786553,0,0,0
0.07784694,0,0,0
0.07782408,0,0,0
0.07781132,0,0,0
0.07780146,0,0,0
0.07779295,0,0,0
0.07778558,0,0,0
0.0777792,0,0,0
0.07777349,0,0,0
0.07776957,0,0,0
0.0777652,0,0,0
0.07776008,0,0,0
0.07775471,0,0,0
0.0777496,0,0,0
0.07774509,0,0,0
0.07774208,0,0,0
0.07773941,0,0,0
0.07773869,0,0,0
0.07773869,0,0,0
0.07773992,0,0,0
0.07774131,0,0,0
0.0777428,0,0,0
0.07774398,0,0,0
0.07774501,0,0,0
0.07774576,0,0,0
0.07774559,0,0,0
0.07774449,0,0,0
0.07774234,0,0,0
0.07774141,0,0,0
0.0777406,0,0,0
0.07774059,0,0,0
0.07774048,0,0,0
0.07773955,0,0,0
0.0777378,0,0,0
0.07773459,0,0,0
0.0777308,0,0,0
0.07772674,0,0,0
0.07772491,0,0,0
0.07772388,0,0,0
0.0777254,0,0,0
0.07772762,0,0,0
0.07773268,0,0,0
0.07774224,0,0,0
0.07775147,0,0,0
0.07776379,0,0,0
0.07777756,0,0,0
0.07779206,0,0,0
0.07780623,0,0,0
0.07782006,0,0,0
0.07783388,0,0,0
0.07784696,0,0,0
0.07786083,0,0,0
0.07787462,0,0,0
0.0778885,0,0,0
0.07790365,0,0,0
0.07792208,0,0,0
0.07794457,0,0,0
0.07797488,0,0,0
0.07801106,0,0,0
0.07804573,0,0,0
0.07809697,0,0,0
0.07813685,0,0,0
0.07818189,0,0,0
0.0782389,0,0,0
0.07830896,0,0,0
0.07838022,0,0,0
0.07844778,0,0,0
0.07851581,0,0,0
0.07858807,0,0,0
0.07866656,0,0,0
0.07875839,0,0,0
0.07886269,0,0,0
0.07899787,0,0,0
0.07911178,0,0,0
0.07925403,0,0,0
0.07939078,0,0,0
0.07951654,0,0,0
0.07962137,0,0,0
0.07971741,0,0,0
0.0798011,0,0,0
0.07988685,0,0,0
0.07996778,0,0,0
0.08003687,0,0,0
0.08014333,0,0,0
0.08021905,0,0,0
0.08032563,0,0,0
0.08040477,0,0,0
0.08052107,0,0,0
0.08059847,0,0,0
0.08067823,0,0,0
0.08076944,0,0,0
0.08086738,0,0,0
0.08094539,0,0,0
0.0810049,0,0,0
0.08107655,0,0,0
0.08112653,0,0,0
0.08118329,0,0,0
0.08125263,0,0,0
0.08130742,0,0,0
0.08136636,0,0,0
0.0814188,0,0,0
0.08146837,0,0,0
0.0815262,0,0,0
0.08157445,0,0,0
0.08161163,0,0,0
0.08165187,0,0,0
0.08167326,0,0,0
0.08172318,0,0,0
0.0817539,0,0,0
0.08177798,0,0,0
0.08180921,0,0,0
0.08183418,0,0,0
0.08185487,0,0,0
0.08187205,0,0,0
0.08188462,0,0,0
0.08189248,0,0,0
0.08189615,0,0,0
0.08189896,0,0,0
0.08189631,0,0,0
0.08188984,0,0,0
0.08188399,0,0,0
0.0818793,0,0,0
0.08188127,0,0,0
0.08189186,0,0,0
0.08190203,0,0,0
0.08189557,0,0,0
0.08187365,0,0,0
0.081843,0,0,0
0.08181226,0,0,0
0.08178656,0,0,0
0.08176363,0,0,0
0.08174029,0,0,0
0.0817088,0,0,0
0.08168019,0,0,0
0.08164697,0,0,0
0.08160343,0,0,0
0.08154944,0,0,0
0.08149757,0,0,0
0.08143685,0,0,0
0.08136521,0,0,0
0.08128056,0,0,0
0.08118466,0,0,0
0.08109436,0,0,0
0.08097508,0,0,0
0.08082469,0,0,0
0.08064269,0,0,0
0.08044468,0,0,0
0.08024651,0,0,0
0.08005112,0,0,0
0.07984867,0,0,0
0.07962669,0,0,0
0.0794071,0,0,0
0.07918692,0,0,0
0.07897155,0,0,0
0.07875617,0,0,0
0.07850088,0,0,0
0.07816623,0,0,0
0.07788257,0,0,0
0.07766552,0,0,0
0.07746045,0,0,0
0.07723974,0,0,0
0.07701945,0,0,0
0.07673821,0,0,0
0.07662245,0,0,0
0.07648918,0,0,0
0.07635555,0,0,0
0.07625736,0,0,0
0.07617961,0,0,0
0.07609078,0,0,0
0.07600009,0,0,0
0.07590567,0,0,0
0.07581174,0,0,0
0.07569775,0,0,0
0.07554749,0,0,0
0.07539026,0,0,0
0.07521551,0,0,0
0.07503416,0,0,0
0.07485482,0,0,0
0.07474607,0,0,0
0.07463652,0,0,0
0.07454693,0,0,0
0.07440174,0,0,0
0.07423831,0,0,0
0.07412507,0,0,0
0.0740869,0,0,0
0.07406464,0,0,0
0.07404087,0,0,0
0.07402867,0,0,0
0.07403044,0,0,0
0.07404511,0,0,0
0.07402517,0,0,0
0.07400366,0,0,0
0.07399394,0,0,0
0.07400092,0,0,0
0.07400274,0,0,0
0.07400379,0,0,0
0.07400481,0,0,0
0.07396101,0,0,0
0.07394463,0,0,0
0.07401625,0,0,0
0.07405589,0,0,0
0.07407372,0,0,0
0.07408612,0,0,0
0.07410964,0,0,0
0.07412495,0,0,0
0.07415073,0,0,0
0.07417121,0,0,0
0.07420684,0,0,0
0.07423151,0,0,0
0.07425856,0,0,0
0.07430875,0,0,0
0.07432731,0,0,0
0.07427023,0,0,0
0.07427182,0,0,0
0.07428431,0,0,0
0.07428739,0,0,0
0.07428521,0,0,0
0.07428857,0,0,0
0.07428878,0,0,0
0.07428794,0,0,0
0.0742859,0,0,0
0.07428274,0,0,0
0.07428081,0,0,0
0.07427951,0,0,0
0.07427775,0,0,0
0.07427644,0,0,0
0.07427509,0,0,0
0.07427342,0,0,0
0.07427173,0,0,0
0.07427108,0,0,0
0.07427108,0,0,0
0.07427108,0,0,0
0.07427108,0,0,0
0.07427108,0,0,0
0.07427108,0,0,0
0.07427108,0,0,0
0.07427108,0,0,0
0.07427108,0,0,0
0.07427108,0,0,0
0.07427108,0,0,0
0.07427108,0,0,0
0.07427108,0,0,0
0.07427108,0,0,0
0.07427108,0,0,0
0.07427108,0,0,0
0.07427108,0,0,0
0.07427108,0,0,0
0.07427108,0,0,0
0.07427108,0,0,0
0.07427108,0,0,0
0.07427108,0,0,0
0.07427108,0,0,0
0.07427108,0,0,0
0.07427108,0,0,0
0.07427108,0,0,0
0.07427108,0,0,0
0.07427108,0,0,0
0.07427108,0,0,0
0.07427108,0,0,0
0.07427108,0,0,0
0.07427108,0,0,0
0.07427108,0,0,0
0.07427108,0,0,0
0.07427108,0,0,0
0.07427108,0,0,0
0.07427108,0,0,0
0.07427108,0,0,0
0.07427108,0,0,0
0.07427108,0,0,0
0.07427108,0,0,0
0.07427108,0,0,0
0.07427108,0,0,0
0.07427108,0,0,0
0.07427108,0,0,0
0.07427108,0,0,0
0.07427108,0,0,0
0.07427108,0,0,0
0.07427108,0,0,0
0.07427108,0,0,0
0.07427108,0,0,0
0.07427108,0,0,0
0.07427108,0,0,0
0.07427108,0,0,0
0.07427108,0,0,0
0.07427108,0,0,0
0.07427108,0,0,0
0.07427108,0,0,0
0.07427108,0,0,0
0.07427108,0,0,0
0.07427108,0,0,0
0.07427108,0,0,0
0.07427108,0,0,0
0.07427108,0,0,0
0.07427108,0,0,0
0.07427108,0,0,0
0.07427108,0,0,0
0.07427108,0,0,0
0.07427108,0,0,0
0.07427108,0,0,0
0.07427108,0,0,0
0.07427108,0,0,0
0.07427108,0,0,0
0.07427108,0,0,0
0.07427108,0,0,0
0.07427108,0,0,0
0.07427108,0,0,0
0.07427108,0,0,0
0.07427108,0,0,0
0.07427108,0,0,0
0.07427108,0,0,0
0.07427108,0,0,0
0.07427108,0,0,0
0.07427108,0,0,0
0.07427108,0,0,0
0.07427108,0,0,0
0.07427108,0,0,0
0.07427108,0,0,0
0.07427108,0,0,0
0.07427108,0,0,0
0.07427108,0,0,0
0.07427108,0,0,0
0.07427108,0,0,0
0.07427108,0,0,0
0.07427108,0,0,0
0.07427108,0,0,0
0.07427108,0,0,0
0.07427108,0,0,0
0.07427108,0,0,0
0.07427108,0,0,0
0.07427108,0,0,0
0.07427108,0,0,0
0.07427108,0,0,0
0.07427108,0,0,0
0.07427108,0,0,0
0.07427108,0,0,0
0.07427108,0,0,0
0.07427108,0,0,0
0.07427108,0,0,0
0.07427108,0,0,0
0.07427108,0,0,0
0.07427108,0,0,0
0.07427108,0,0,0
0.07427108,0,0,0
0.07427108,0,0,0
0.07427108,0,0,0
0.07427108,0,0,0
0.07427108,0,0,0
0.07427108,0,0,0
0.07427108,0,0,0
0.07427108,0,0,0
0.07427108,0,0,0
0.07427108,0,0,0
0.07427108,0,0,0
0.07427108,0,0,0
0.07427108,0,0,0
0.07427108,0,0,0
0.07427108,0,0,0
0.07427108,0,0,0
0.07427108,0,0,0
0.07427108,0,0,0
0.07427108,0,0,0
0.07427108,0,0,0
0.07427108,0,0,0
0.07427108,0,0,0
0.07427108,0,0,0
0.07427108,0,0,0
0.07427108,0,0,0
0.07427108,0,0,0
0.07427108,0,0,0
0.07427108,0,0,0
0.07427108,0,0,0
0.07427108,0,0,0
0.07427108,0,0,0
0.07427108,0,0,0
0.07427108,0,0,0
0.07427108,0,0,0
0.07427108,0,0,0
0.07427108,0,0,0
0.07427108,0,0,0
0.07427108,0,0,0
0.07427108,0,0,0
0.07427108,0,0,0
0.07427108,0,0,0
0.07427108,0,0,0
0.07427108,0,0,0
0.07427108,0,0,0
0.07427108,0,0,0
0.07427108,0,0,0
0.07427108,0,0,0
0.07427108,0,0,0
0.07427108,0,0,0
0.07427108,0,0,0
0.07427108,0,0,0
0.07427108,0,0,0
0.07427108,0,0,0
0.07427108,0,0,0
0.07427108,0,0,0
0.07427108,0,0,0
0.07427108,0,0,0
0.07427108,0,0,0
0.07427108,0,0,0
0.07427108,0,0,0
0.07427108,0,0,0
0.07427108,0,0,0
0.07427108,0,0,0
0.07427108,0,0,0
0.07427108,0,0,0
0.07427108,0,0,0
0.07427108,0,0,0
0.07427108,0,0,0
0.07427108,0,0,0
0.07427108,0,0,0
0.07427108,0,0,0
0.07427108,0,0,0
0.07427108,0,0,0
0.07427108,0,0,0
0.07427108,0,0,0
0.07427108,0,0,0
0.07427108,0,0,0
0.07427108,0,0,0
0.07427108,0,0,0
0.07427108,0,0,0
0.07427108,0,0,0
0.07427108,0,0,0
0.07427108,0,0,0
0.07427108,0,0,0
0.07427108,0,0,0
0.07427108,0,0,0
0.07427108,0,0,0
0.07427108,0,0,0
0.07427108,0,0,0
0.07427108,0,0,0
0.07427108,0,0,0
0.07427108,0,0,0
0.07427108,0,0,0
0.07427108,0,0,0
0.07427108,0,0,0
0.07427108,0,0,0
0.07427108,0,0,0
0.07427108,0,0,0
0.07427108,0,0,0
0.07427108,0,0,0
0.07427108,0,0,0
0.07427108,0,0,0
0.07427108,0,0,0
0.07427108,0,0,0
0.07427108,0,0,0
0.07427108,0,0,0
0.07427108,0,0,0
0.07427108,0,0,0
0.07427108,0,0,0
0.07427108,0,0,0
0.07427108,0,0,0
0.07427108,0,0,0
0.07427108,0,0,0
0.07427108,0,0,0
0.07427108,0,0,0
0.07427108,0,0,0
0.07427108,0,0,0
0.07427108,0,0,0
0.07427108,0,0,0
0.07427108,0,0,0
0.07427108,0,0,0
0.07427108,0,0,0
0.07427108,0,0,0
0.07427108,0,0,0
0.07427108,0,0,0
0.07427108,0,0,0
0.07427108,0,0,0
0.07427108,0,0,0
0.07427108,0,0,0
0.07427108,0,0,0
0.07427108,0,0,0
0.07427108,0,0,0
0.07427108,0,0,0
0.07427108,0,0,0
0.07427108,0,0,0
0.07427108,0,0,0
0.07427108,0,0,0
0.07427108,0,0,0
0.07427108,0,0,0
0.07427108,0,0,0
0.07427108,0,0,0
0.07427108,0,0,0
0.07427108,0,0,0
0.07427108,0,0,0
0.07427108,0,0,0
0.07427108,0,0,0
0.07427108,0,0,0
0.07427108,0,0,0
0.07427108,0,0,0
0.07427108,0,0,0
0.07427108,0,0,0
0.07427108,0,0,0
0.07427108,0,0,0
0.07427108,0,0,0
0.07427108,0,0,0
0.07427108,0,0,0
0.07427108,0,0,0
0.07427108,0,0,0
0.07427108,0,0,0
0.07427108,0,0,0
0.07427108,0,0,0
0.07427108,0,0,0
0.07427108,0,0,0
0.07427108,0,0,0
0.07427108,0,0,0
0.07427108,0,0,0
0.07427108,0,0,0
0.07427108,0,0,0
0.07427108,0,0,0
0.07427108,0,0,0
0.07427108,0,0,0
0.07427108,0,0,0
0.07427108,0,0,0
0.07427108,0,0,0
0.07427108,0,0,0
0.07427108,0,0,0
0.07427108,0,0,0
0.07427108,0,0,0
0.07427108,0,0,0
0.07427108,0,0,0
0.07427108,0,0,0
0.07427108,0,0,0
0.07427108,0,0,0
0.07427108,0,0,0
0.07427108,0,0,0
0.07427108,0,0,0
0.07427108,0,0,0
0.07427108,0,0,0
0.07427108,0,0,0
0.07427108,0,0,0
0.07427108,0,0,0
0.07427108,0,0,0
0.07427108,0,0,0
0.07427108,0,0,0
0.07427108,0,0,0
0.07427108,0,0,0
0.07427108,0,0,0
0.07427108,0,0,0
0.07427108,0,0,0
0.07427108,0,0,0
0.07427108,0,0,0
0.07427108,0,0,0
0.07427108,0,0,0
0.07427108,0,0,0
0.07427108,0,0,0
0.07427108,0,0,0
0.07427108,0,0,0
0.07427108,0,0,0
0.07427108,0,0,0
0.07427108,0,0,0
0.07427108,0,0,0
0.07427108,0,0,0
0.07427108,0,0,0
0.07427108,0,0,0
0.07427108,0,0,0
0.07427108,0,0,0
0.07427108,0,0,0
0.07427108,0,0,0
0.07427108,0,0,0
0.07427108,0,0,0
0.07427108,0,0,0
0.07427108,0,0,0
0.07427108,0,0,0
0.07427108,0,0,0
0.07427108,0,0,0
0.07427108,0,0,0
0.07427108,0,0,0
0.07427108,0,0,0
0.07427108,0,0,0
0.07427108,0,0,0
0.07427108,0,0,0
0.07427108,0,0,0
0.07427108,0,0,0
0.07427108,0,0,0
0.07427108,0,0,0
0.07427108,0,0,0
0.07427108,0,0,0
0.07427108,0,0,0
0.07427108,0,0,0
0.07427108,0,0,0
0.07427108,0,0,0
0.07427108,0,0,0
0.07427108,0,0,0
0.07427108,0,0,0
0.07427108,0,0,0
0.07427108,0,0,0
0.07427108,0,0,0
0.07427108,0,0,0
0.07427108,0,0,0
0.07427108,0,0,0
0.07427108,0,0,0
0.07427108,0,0,0
0.07427108,0,0,0
0.07427108,0,0,0
0.07427108,0,0,0
0.07427108,0,0,0
0.07427108,0,0,0
0.07427108,0,0,0
0.07427108,0,0,0
0.07427108,0,0,0
0.07427108,0,0,0
0.07427108,0,0,0
0.07427108,0,0,0
0.07427108,0,0,0
0.07427108,0,0,0
0.07427108,0,0,0
0.07427108,0,0,0
0.07427108,0,0,0
0.07427108,0,0,0
0.07427108,0,0,0
0.07427108,0,0,0
0.07427108,0,0,0
0.07427108,0,0,0
0.07427108,0,0,0
0.07427108,0,0,0
0.07427108,0,0,0
0.07427108,0,0,0
0.07427108,0,0,0
0.07427108,0,0,0
0.07427108,0,0,0
0.07427108,0,0,0
0.07427108,0,0,0
0.07427108,0,0,0
0.07427108,0,0,0
0.07427108,0,0,0
0.07427108,0,0,0
0.07427108,0,0,0
0.07427108,0,0,0
0.07427108,0,0,0
0.07427108,0,0,0
0.07427108,0,0,0
0.07427108,0,0,0
0.07427108,0,0,0
0.07427108,0,0,0
0.07427108,0,0,0
0.07427108,0,0,0
0.07427108,0,0,0
0.07427108,0,0,0
0.07427108,0,0,0
0.07427108,0,0,0
0.07427108,0,0,0
0.07427108,0,0,0
0.07427108,0,0,0
0.07427108,0,0,0
0.07427108,0,0,0
0.07427108,0,0,0
0.07427108,0,0,0
0.07427108,0,0,0
0.07427108,0,0,0
0.07427108,0,0,0
0.07427108,0,0,0
0.07427108,0,0,0
0.07427108,0,0,0
0.07427108,0,0,0
0.07427108,0,0,0
0.07427108,0,0,0
0.07427108,0,0,0
0.07427108,0,0,0
0.07427108,0,0,0
0.07427108,0,0,0
0.07427108,0,0,0
0.07427108,0,0,0
0.07427108,0,0,0
0.07427108,0,0,0
0.07427108,0,0,0
0.07427108,0,0,0
0.07427108,0,0,0
0.07427108,0,0,0
0.07427108,0,0,0
0.07427108,0,0,0
0.07427108,0,0,0
0.07427108,0,0,0
0.07427108,0,0,0
0.07427108,0,0,0
0.07427108,0,0,0
0.07427108,0,0,0
0.07427108,0,0,0
0.07427108,0,0,0
0.07427108,0,0,0
0.07427108,0,0,0
0.07427108,0,0,0
0.07427108,0,0,0
0.07427108,0,0,0
0.07427108,0,0,0
0.07427108,0,0,0
0.07427108,0,0,0
0.07427108,0,0,0
0.07427108,0,0,0
0.07427108,0,0,0
0.07427108,0,0,0
0.07427108,0,0,0
0.07427108,0,0,0
0.07427108,0,0,0
0.07427108,0,0,0
0.07427108,0,0,0
0.07427108,0,0,0
0.07427108,0,0,0
0.07427108,0,0,0
0.07427108,0,0,0
0.07427108,0,0,0
0.07427108,0,0,0
0.07427108,0,0,0
0.07427108,0,0,0
0.07427108,0,0,0
0.07427108,0,0,0
0.07427108,0,0,0
0.07427108,0,0,0
0.07427108,0,0,0
0.07427108,0,0,0
0.07427108,0,0,0
0.07427108,0,0,0
0.07427108,0,0,0
0.07427108,0,0,0
0.07427108,0,0,0
0.07427108,0,0,0
0.07427108,0,0,0
0.07427108,0,0,0
0.07427108,0,0,0
0.07427108,0,0,0
0.07427108,0,0,0
0.07427108,0,0,0
0.07427108,0,0,0
0.07427108,0,0,0
0.07427108,0,0,0
0.07427108,0,0,0
0.07427108,0,0,0
0.07427108,0,0,0
0.07427108,0,0,0
0.07427108,0,0,0
0.07427108,0,0,0
0.07427108,0,0,0
0.07427108,0,0,0
0.07427108,0,0,0
0.07427108,0,0,0
0.07427108,0,0,0
0.07427108,0,0,0
0.07427108,0,0,0
0.07427108,0,0,0
0.07427108,0,0,0
0.07427108,0,0,0
0.07427108,0,0,0
0.07427108,0,0,0
0.07427108,0,0,0
0.07427108,0,0,0
0.07427108,0,0,0
0.07427108,0,0,0
0.07427108,0,0,0
0.07427108,0,0,0
0.07427108,0,0,0
0.07427108,0,0,0
0.07427108,0,0,0
0.07427108,0,0,0
0.07427108,0,0,0
0.07427108,0,0,0
0.07427108,0,0,0
0.07427108,0,0,0
0.07427108,0,0,0
0.07427108,0,0,0
0.07427108,0,0,0
0.07427108,0,0,0
0.07427108,0,0,0
0.07427108,0,0,0
0.07427108,0,0,0
0.07427108,0,0,0
0.07427108,0,0,0
0.07427108,0,0,0
0.07427108,0,0,0
0.07427108,0,0,0
0.07427108,0,0,0
0.07427108,0,0,0
0.07427108,0,0,0
0.07427108,0,0,0
0.07427108,0,0,0
0.07427108,0,0,0
0.07427108,0,0,0
0.07427108,0,0,0
0.07427108,0,0,0
0.07427108,0,0,0
0.07427108,0,0,0
0.07427108,0,0,0
0.07427108,0,0,0
0.07427108,0,0,0
0.07427108,0,0,0
0.07427108,0,0,0
0.07427108,0,0,0
0.07427108,0,0,0
0.07427108,0,0,0
0.07427108,0,0,0
0.07427108,0,0,0
0.07427108,0,0,0
0.07427108,0,0,0
0.07427108,0,0,0
0.07427108,0,0,0
0.07427108,0,0,0
0.07427108,0,0,0
0.07427108,0,0,0
0.07427108,0,0,0
0.07427108,0,0,0
0.07427108,0,0,0
0.07427108,0,0,0
0.07427108,0,0,0
0.07427108,0,0,0
0.07427108,0,0,0
0.07427108,0,0,0
0.07427108,0,0,0
0.07427108,0,0,0
0.07427108,0,0,0
0.07427108,0,0,0
0.07427108,0,0,0
0.07427108,0,0,0
0.07427108,0,0,0
0.07427108,0,0,0
0.07427108,0,0,0
0.07427108,0,0,0
0.07427108,0,0,0
0.07427108,0,0,0
0.07427108,0,0,0
0.07427108,0,0,0
0.07427108,0,0,0
0.07427108,0,0,0
0.07427108,0,0,0
0.07427108,0,0,0
0.07427108,0,0,0
0.07427108,0,0,0
0.07427108,0,0,0
0.07427108,0,0,0
0.07427108,0,0,0
0.07427108,0,0,0
0.07427108,0,0,0
0.07427108,0,0,0
0.07427108,0,0,0
0.07427108,0,0,0
0.07427108,0,0,0
0.07427108,0,0,0
0.07427108,0,0,0
0.07427108,0,0,0
0.07427108,0,0,0
0.07427108,0,0,0
0.07427108,0,0,0
0.07427108,0,0,0
0.07427108,0,0,0
0.07427108,0,0,0
0.07427108,0,0,0
0.07427108,0,0,0
0.07427108,0,0,0
0.07427108,0,0,0
0.07427108,0,0,0
0.07427108,0,0,0
0.07427108,0,0,0
0.07427108,0,0,0
0.07427108,0,0,0
0.07427108,0,0,0
0.07427108,0,0,0
0.07427108,0,0,0
0.07427108,0,0,0
0.07427108,0,0,0
0.07427108,0,0,0
0.07427108,0,0,0
0.07427108,0,0,0
0.07427108,0,0,0
0.07427108,0,0,0
0.07427108,0,0,0
0.07427108,0,0,0
0.07427108,0,0,0
0.07427108,0,0,0
0.07427108,0,0,0
0.07427108,0,0,0
0.07427108,0,0,0
0.07427108,0,0,0
0.07427108,0,0,0
0.07427108,0,0,0
0.07427108,0,0,0
0.07427108,0,0,0
0.07427108,0,0,0
0.07427108,0,0,0
0.07427108,0,0,0
0.07427108,0,0,0
0.07427108,0,0,0
0.07427108,0,0,0
0.07427108,0,0,0
0.07427108,0,0,0
0.07427108,0,0,0
0.07427108,0,0,0
0.07427108,0,0,0
0.07427108,0,0,0
0.07427108,0,0,0
0.07427108,0,0,0
0.07427108,0,0,0
0.07427108,0,0,0
0.07427108,0,0,0
0.07427108,0,0,0
0.07427108,0,0,0
0.07427108,0,0,0
0.07427108,0,0,0
0.07427108,0,0,0
0.07427108,0,0,0
0.07427108,0,0,0
0.07427108,0,0,0
0.07427108,0,0,0
0.07427108,0,0,0
0.07427108,0,0,0
0.07427108,0,0,0
0.07427108,0,0,0
0.07427108,0,0,0
0.07427108,0,0,0
0.07427108,0,0,0
0.07427108,0,0,0
0.07427108,0,0,0
0.07427108,0,0,0
0.07427108,0,0,0
0.07427108,0,0,0
0.07427108,0,0,0
0.07427108,0,0,0
0.07427108,0,0,0
0.07427108,0,0,0
0.07427108,0,0,0
0.07427108,0,0,0
0.07427108,0,0,0
0.07427108,0,0,0
0.07427108,0,0,0
0.07427108,0,0,0
0.07427108,0,0,0
0.07427108,0,0,0
0.07427108,0,0,0
0.07427108,0,0,0
0.07427108,0,0,0
0.07427108,0,0,0
0.07427108,0,0,0
0.07427108,0,0,0
0.07427108,0,0,0
0.07427108,0,0,0
0.07427108,0,0,0
0.07427108,0,0,0
0.07427108,0,0,0
0.07427108,0,0,0
0.07427108,0,0,0
0.07427108,0,0,0
0.07427108,0,0,0
0.07427108,0,0,0
0.07427108,0,0,0
0.07427108,0,0,0
0.07427108,0,0,0
0.07427108,0,0,0
0.07427108,0,0,0
0.07427108,0,0,0
0.07427108,0,0,0
0.07427108,0,0,0
0.07427108,0,0,0
0.07427108,0,0,0
0.07427108,0,0,0
0.07427108,0,0,0
0.07427108,0,0,0
0.07427108,0,0,0
0.07427108,0,0,0
0.07427108,0,0,0
0.07427108,0,0,0
0.07427108,0,0,0
0.07427063,0,0,0
0.0742675,0,0,0
0.07426412,0,0,0
0.07426319,0,0,0
0.07429041,0,0,0
0.07439321,0,0,0
0.07448874,0,0,0
0.07454696,0,0,0
0.07458287,0,0,0
0.07460373,0,0,0
0.07462455,0,0,0
0.07460242,0,0,0
0.07461125,0,0,0
0.07471187,0,0,0
0.07479569,0,0,0
0.07486895,0,0,0
0.07495521,0,0,0
0.07505134,0,0,0
0.07513905,0,0,0
0.07521976,0,0,0
0.07522141,0,0,0
0.07526597,0,0,0
0.07536576,0,0,0
0.07551464,0,0,0
0.07560144,0,0,0
0.07557046,0,0,0
0.07561615,0,0,0
0.07565496,0,0,0
0.07580895,0,0,0
0.07598219,0,0,0
0.07614256,0,0,0
0.07630314,0,0,0
0.07646208,0,0,0
0.07668586,0,0,0
0.07693395,0,0,0
0.07713713,0,0,0
0.07731274,0,0,0
0.07747629,0,0,0
0.07746964,0,0,0
0.07750317,0,0,0
0.07753926,0,0,0
0.07757657,0,0,0
0.07765325,0,0,0
0.07777931,0,0,0
0.0778905,0,0,0
0.07802721,0,0,0
0.07818512,0,0,0
0.07832304,0,0,0
0.07845853,0,0,0
0.0785367,0,0,0
0.07855526,0,0,0
0.07856965,0,0,0
0.07859314,0,0,0
0.07865502,0,0,0
0.07874445,0,0,0
0.07879189,0,0,0
0.07883215,0,0,0
0.07887685,0,0,0
0.07890961,0,0,0
0.07894975,0,0,0
0.07899433,0,0,0
0.07901508,0,0,0
0.07902815,0,0,0
0.07902931,0,0,0
0.07901651,0,0,0
0.07898564,0,0,0
0.07894795,0,0,0
0.07891236,0,0,0
0.07888386,0,0,0
0.07886636,0,0,0
0.07886075,0,0,0
0.07885867,0,0,0
0.07885941,0,0,0
0.07886069,0,0,0
0.07886221,0,0,0
0.07886445,0,0,0
0.07886545,0,0,0
0.07887016,0,0,0
0.07888255,0,0,0
0.07889587,0,0,0
0.07890173,0,0,0
0.07889583,0,0,0
0.07887806,0,0,0
0.07885598,0,0,0
0.07883595,0,0,0
0.07881641,0,0,0
0.07879427,0,0,0
0.07877272,0,0,0
0.07875113,0,0,0
0.0787332,0,0,0
0.07871483,0,0,0
0.07869456,0,0,0
0.07867488,0,0,0
0.0786601,0,0,0
0.07864074,0,0,0
0.07862401,0,0,0
0.07861315,0,0,0
0.07860215,0,0,0
0.07859217,0,0,0
0.07858211,0,0,0
0.07857104,0,0,0
0.07855805,0,0,0
0.07854768,0,0,0
0.07853756,0,0,0
0.07852807,0,0,0
0.07851981,0,0,0
0.07851594,0,0,0
0.07851159,0,0,0
0.07850789,0,0,0
0.07850444,0,0,0
0.0785,0,0,0
0.07848785,0,0,0
0.07847562,0,0,0
0.07846805,0,0,0
0.0784623,0,0,0
0.07845945,0,0,0
0.07845759,0,0,0
0.07845353,0,0,0
0.07844201,0,0,0
0.07842954,0,0,0
0.07841071,0,0,0
0.0783919,0,0,0
0.07837392,0,0,0
0.07834806,0,0,0
0.07832893,0,0,0
0.07830798,0,0,0
0.07828683,0,0,0
0.07826803,0,0,0
0.07824986,0,0,0
0.07823874,0,0,0
0.07822939,0,0,0
0.07822194,0,0,0
0.07821492,0,0,0
0.07820397,0,0,0
0.07819837,0,0,0
0.07818936,0,0,0
0.07817974,0,0,0
0.07816761,0,0,0
0.07815544,0,0,0
0.07814398,0,0,0
0.07813231,0,0,0
0.07812133,0,0,0
0.07811169,0,0,0
0.07810237,0,0,0
0.07809372,0,0,0
0.07808777,0,0,0
0.07808258,0,0,0
0.07807851,0,0,0
0.07807304,0,0,0
0.07806995,0,0,0
0.07806577,0,0,0
0.07806008,0,0,0
0.07805563,0,0,0
0.07805193,0,0,0
0.07804881,0,0,0
0.07804629,0,0,0
0.0780455,0,0,0
0.07804339,0,0,0
0.07803825,0,0,0
0.07803004,0,0,0
0.07801888,0,0,0
0.07800611,0,0,0
0.07799017,0,0,0
0.0779721,0,0,0
0.07795884,0,0,0
0.07794361,0,0,0
0.07792574,0,0,0
0.07790574,0,0,0
0.07788351,0,0,0
0.07785948,0,0,0
0.07783424,0,0,0
0.077811,0,0,0
0.07777685,0,0,0
0.07774172,0,0,0
0.07769971,0,0,0
0.07765797,0,0,0
0.07760313,0,0,0
0.07754534,0,0,0
0.07746495,0,0,0
0.07741898,0,0,0
0.07735356,0,0,0
0.07727719,0,0,0
0.07721978,0,0,0
0.07715376,0,0,0
0.07708794,0,0,0
0.07702022,0,0,0
0.07695192,0,0,0
0.07688075,0,0,0
0.07680263,0,0,0
0.07671839,0,0,0
0.07663111,0,0,0
0.07654097,0,0,0
0.07644682,0,0,0
0.07633295,0,0,0
0.07624421,0,0,0
0.07613935,0,0,0
0.0760356,0,0,0
0.07594835,0,0,0
0.07584988,0,0,0
0.07574874,0,0,0
0.07564735,0,0,0
0.07553708,0,0,0
0.07545839,0,0,0
0.07537159,0,0,0
0.07528944,0,0,0
0.07520113,0,0,0
0.07513865,0,0,0
0.07507544,0,0,0
0.0750147,0,0,0
0.07497566,0,0,0
0.07493728,0,0,0
0.07490595,0,0,0
0.07488089,0,0,0
0.07486288,0,0,0
0.07485787,0,0,0
0.07486325,0,0,0
0.07488444,0,0,0
0.07492474,0,0,0
0.07498506,0,0,0
0.07506306,0,0,0
0.0751565,0,0,0
0.07524487,0,0,0
0.0753726,0,0,0
0.07551403,0,0,0
0.07562946,0,0,0
0.07577517,0,0,0
0.07593733,0,0,0
0.07611803,0,0,0
0.07631411,0,0,0
0.07652041,0,0,0
0.07670128,0,0,0
0.07691094,0,0,0
0.07712033,0,0,0
0.0773296,0,0,0
0.0775355,0,0,0
0.07774636,0,0,0
0.07795873,0,0,0
0.07820698,0,0,0
0.07843702,0,0,0
0.07863557,0,0,0
0.07886341,0,0,0
0.07909831,0,0,0
0.0793305,0,0,0
0.07956617,0,0,0
0.07981569,0,0,0
0.08008626,0,0,0
0.08037395,0,0,0
0.08065455,0,0,0
0.08088501,0,0,0
0.08116774,0,0,0
0.0813867,0,0,0
0.0815955,0,0,0
0.08180909,0,0,0
0.08205867,0,0,0
0.0822394,0,0,0
0.08241116,0,0,0
0.08262744,0,0,0
0.08278336,0,0,0
0.08296155,0,0,0
0.0831355,0,0,0
0.08330517,0,0,0
0.08346311,0,0,0
0.08361757,0,0,0
0.08376528,0,0,0
0.0839095,0,0,0
0.08404851,0,0,0
0.08417963,0,0,0
0.08430243,0,0,0
0.0844435,0,0,0
0.08452167,0,0,0
0.08459094,0,0,0
0.08464079,0,0,0
0.08468105,0,0,0
0.08471826,0,0,0
0.08475624,0,0,0
0.08479937,0,0,0
0.08484209,0,0,0
0.08489311,0,0,0
0.08494265,0,0,0
0.08496913,0,0,0
0.08503787,0,0,0
0.08507521,0,0,0
0.08511779,0,0,0
0.08516674,0,0,0
0.0852034,0,0,0
0.08524635,0,0,0
0.08529112,0,0,0
0.08533765,0,0,0
0.08539096,0,0,0
0.08544781,0,0,0
0.08550862,0,0,0
0.08557528,0,0,0
0.08562469,0,0,0
0.08568172,0,0,0
0.08573886,0,0,0
0.08579696,0,0,0
0.08585574,0,0,0
0.08591418,0,0,0
0.08598407,0,0,0
0.08604218,0,0,0
0.08611698,0,0,0
0.08619437,0,0,0
0.08626171,0,0,0
0.08634964,0,0,0
0.08643033,0,0,0
0.08650202,0,0,0
0.08658757,0,0,0
0.08667582,0,0,0
0.08677712,0,0,0
0.08685539,0,0,0
0.08695858,0,0,0
0.08703573,0,0,0
0.087125,0,0,0
0.0872259,0,0,0
0.08731516,0,0,0
0.08737668,0,0,0
0.08748277,0,0,0
0.08755432,0,0,0
0.087639,0,0,0
0.0877279,0,0,0
0.08781453,0,0,0
0.08789294,0,0,0
0.08796629,0,0,0
0.08802649,0,0,0
0.08811014,0,0,0
0.08818268,0,0,0
0.08825266,0,0,0
0.08832257,0,0,0
0.08840461,0,0,0
0.08846781,0,0,0
0.08854453,0,0,0
0.08861144,0,0,0
0.08869671,0,0,0
0.08875727,0,0,0
0.08881752,0,0,0
0.08887177,0,0,0
0.08892136,0,0,0
0.08896901,0,0,0
0.08902567,0,0,0
0.08907097,0,0,0
0.08912785,0,0,0
0.08919013,0,0,0
0.08926314,0,0,0
0.08936168,0,0,0
0.0894438,0,0,0
0.08954753,0,0,0
0.08967214,0,0,0
0.08976883,0,0,0
0.0898842,0,0,0
0.0900021,0,0,0
0.0901216,0,0,0
0.09019266,0,0,0
0.0903643,0,0,0
0.09052102,0,0,0
0.09062922,0,0,0
0.09074546,0,0,0
0.09086198,0,0,0
0.09099596,0,0,0
0.09113786,0,0,0
0.09125126,0,0,0
0.09137131,0,0,0
0.09152208,0,0,0
0.09168325,0,0,0
0.0918528,0,0,0
0.0920236,0,0,0
0.09219688,0,0,0
0.09238274,0,0,0
0.09257958,0,0,0
0.09277575,0,0,0
0.0929631,0,0,0
0.09313361,0,0,0
0.09329111,0,0,0
0.09344604,0,0,0
0.09362137,0,0,0
0.09375092,0,0,0
0.09389939,0,0,0
0.09404489,0,0,0
0.09418674,0,0,0
0.09430183,0,0,0
0.09445127,0,0,0
0.09457537,0,0,0
0.09469479,0,0,0
0.09480911,0,0,0
0.09493785,0,0,0
0.09507751,0,0,0
0.09522168,0,0,0
0.09533119,0,0,0
0.09545692,0,0,0
0.09559077,0,0,0
0.09568387,0,0,0
0.09578996,0,0,0
0.09589882,0,0,0
0.09600263,0,0,0
0.0960969,0,0,0
0.09617423,0,0,0
0.09623242,0,0,0
0.09627201,0,0,0
0.09629908,0,0,0
0.09634426,0,0,0
0.09638029,0,0,0
0.09640839,0,0,0
0.09642446,0,0,0
0.09644177,0,0,0
0.09646756,0,0,0
0.09648291,0,0,0
0.09648243,0,0,0
0.09646994,0,0,0
0.09646028,0,0,0
0.09645196,0,0,0
0.09644222,0,0,0
0.0964378,0,0,0
0.09642566,0,0,0
0.0964065,0,0,0
0.09636239,0,0,0
0.09631816,0,0,0
0.09625233,0,0,0
0.09616789,0,0,0
0.09610628,0,0,0
0.09602019,0,0,0
0.09595893,0,0,0
0.09588615,0,0,0
0.09580899,0,0,0
0.09569006,0,0,0
0.09555494,0,0,0
0.09540386,0,0,0
0.09524903,0,0,0
0.0950906,0,0,0
0.09492567,0,0,0
0.09475017,0,0,0
0.09458326,0,0,0
0.09442083,0,0,0
0.09427665,0,0,0
0.09413888,0,0,0
0.0939812,0,0,0
0.09384423,0,0,0
0.09371363,0,0,0
0.09360677,0,0,0
0.09345856,0,0,0
0.09332989,0,0,0
0.09321777,0,0,0
0.09308407,0,0,0
0.09295507,0,0,0
0.09283084,0,0,0
0,0.04635205,0,0
0,0.04630641,0,0
0,0.04625226,0,0
0,0.04618572,0,0
0,0.04613613,0,0
0,0.04607221,0,0
0,0.04602458,0,0
0,0.04596733,0,0
0,0.04591133,0,0
0,0.04585951,0,0
0,0.04581175,0,0
0,0.04576174,0,0
0,0.04570888,0,0
0,0.04565452,0,0
0,0.04560041,0,0
0,0.04554628,0,0
0,0.04549856,0,0
0,0.0454381,0,0
0,0.04536431,0,0
0,0.04529904,0,0
0,0.0452355,0,0
0,0.04517259,0,0
0,0.04512172,0,0
0,0.04506281,0,0
0,0.04501142,0,0
0,0.04493945,0,0
0,0.04486755,0,0
0,0.0448041,0,0
0,0.04474863,0,0
0,0.04468231,0,0
0,0.04460385,0,0
0,0.04454584,0,0
0,0.04447986,0,0
0,0.04441507,0,0
0,0.04434776,0,0
0,0.0442617,0,0
0,0.04421844,0,0
0,0.04416162,0,0
0,0.04410064,0,0
0,0.04403328,0,0
0,0,0.08792614,0
0,0,0.08778463,0
0,0,0.08764532,0
0,0,0.08750702,0
0,0,0.08736839,0
0,0,0.08724468,0
0,0,0.08710344,0
0,0,0.08693739,0
0,0,0.08681323,0
0,0,0.08665486,0
0,0,0.0865029,0
0,0,0.08638066,0
0,0,0.08625771,0
0,0,0.08611307,0
0,0,0.08597131,0
0,0,0.08583952,0
0,0,0.08571655,0
0,0,0.08559138,0
0,0,0.08545472,0
0,0,0.08531199,0
0,0,0.08517234,0
0,0,0.08502732,0
0,0,0.08488549,0
0,0,0.08474591,0
0,0,0.08461884,0
0,0,0.08448067,0
0,0,0.0843832,0
0,0,0.08427087,0
0,0,0.08417796,0
0,0,0.08406144,0
0,0,0.08398192,0
0,0,0.08389138,0
0,0,0.08380273,0
0,0,0.08371209,0
0,0,0.08360766,0
0,0,0.08353161,0
0,0,0.08344433,0
0,0,0.08334956,0
0,0,0.08325078,0
0,0,0.08315726,0
0,0,0.08305274,0
0,0,0.0829981,0
0,0,0.08292544,0
0,0,0.08285745,0
0,0,0.08279307,0
0,0,0.08273079,0
0,0,0.08267131,0
0,0,0.082619,0
0,0,0.08257192,0
0,0,0.0825282,0
0,0,0.08248615,0
0,0,0.08244981,0
0,0,0.08241988,0
0,0,0.08239525,0
0,0,0.08237707,0
0,0,0.08235375,0
0,0,0.08233937,0
0,0,0.082321,0
0,0,0.08230387,0
0,0,0.08228558,0
0,0,0.08227222,0
0,0,0.08225521,0
0,0,0.08224196,0
0,0,0.0822268,0
0,0,0.08221184,0
0,0,0.08219494,0
0,0,0.08217475,0
0,0,0.0821527,0
0,0,0.08211708,0
0,0,0.08207755,0
0,0,0.08202901,0
0,0,0.08199716,0
0,0,0.08196189,0
0,0,0.08191065,0
0,0,0.08185572,0
0,0,0.08180414,0
0,0,0.08175333,0
0,0,0.08169553,0
0,0,0.08162734,0
0,0,0.08155432,0
0,0,0.08147707,0
0,0,0.08139305,0
0,0,0.08130207,0
0,0,0.08122085,0
0,0,0.08111251,0
0,0,0.08101258,0
0,0,0.0809164,0
0,0,0.08082563,0
0,0,0.08074644,0
0,0,0.08063996,0
0,0,0.08054557,0
0,0,0.08046248,0
0,0,0.08036546,0
0,0,0.08026864,0
0,0,0.08017304,0
0,0,0.0800774,0
0,0,0.07998201,0
0,0,0.0798893,0
0,0,0.07978191,0
0,0,0.07969984,0
0,0,0.07959015,0
0,0,0.07951169,0
0,0,0.079437,0
0,0,0.07933572,0
0,0,0.07924658,0
0,0,0.07915419,0
0,0,0.07907019,0
0,0,0.07895241,0
0,0,0.07886183,0
0,0,0.07873478,0
0,0,0.0786354,0
0,0,0.07851979,0
0,0,0.07840671,0
0,0,0.07826688,0
0,0,0.07816108,0
0,0,0.07805499,0
0,0,0.0779404,0
0,0,0.07784338,0
0,0,0.07773195,0
0,0,0.07760926,0
0,0,0.0775192,0
0,0,0.07741421,0
0,0,0.07730879,0
0,0,0.07720117,0
0,0,0.07708977,0
0,0,0.07697811,0
0,0,0.07686816,0
0,0,0.07676081,0
0,0,0.07665431,0
0,0,0.07654639,0
0,0,0.07641798,0
0,0,0.07631686,0
0,0,0.07619417,0
0,0,0.07608657,0
0,0,0.07595714,0
0,0,0.0758253,0
0,0,0.07569733,0
0,0,0.07556635,0
0,0,0.07540996,0
0,0,0.07528951,0
0,0,0.07512531,0
0,0,0.0749748,0
0,0,0.07484487,0
0,0,0.07466876,0
0,0,0.07451289,0
0,0,0.07432254,0
0,0,0.07420067,0
0,0,0.07403203,0
0,0,0.07386039,0
0,0,0.07368546,0
0,0,0.07350276,0
0,0,0.0733136,0
0,0,0.07312018,0
0,0,0.07292913,0
0,0,0.07273734,0
0,0,0.07254344,0
0,0,0.0723433,0
0,0,0.07213219,0
0,0,0.07191799,0
0,0,0.07172676,0
0,0,0.07155763,0
0,0,0.07140405,0
0,0,0.07127502,0
0,0,0.07110577,0
0,0,0.07095581,0
0,0,0.07082561,0
0,0,0.07067393,0
0,0,0.07052534,0
0,0,0.07037385,0
0,0,0.07022425,0
0,0,0.07007641,0
0,0,0.06993228,0
0,0,0.06979384,0
0,0,0.06965839,0
0,0,0.06952589,0
0,0,0.06937698,0
0,0,0.06926628,0
0,0,0.06913393,0
0,0,0.0689962,0
0,0,0.06886044,0
0,0,0.06873208,0
0,0,0.06861164,0
0,0,0.06850776,0
0,0,0.06836353,0
0,0,0.06823035,0
0,0,0.06809392,0
0,0,0.06796567,0
0,0,0.06785902,0
0,0,0.06773894,0
0,0,0.06762205,0
0,0,0.06746516,0
0,0,0.06737528,0
0,0,0.0672293,0
0,0,0.06712034,0
0,0,0.06699586,0
0,0,0.06687579,0
0,0,0.06675997,0
0,0,0.06664539,0
0,0,0.06653158,0
0,0,0.06641853,0
0,0,0.06629042,0
0,0,0.06619536,0
0,0,0.06608547,0
0,0,0.06597462,0
0,0,0.06586216,0
0,0,0.0657265,0
0,0,0.06562238,0
0,0,0.06549989,0
0,0,0.0653984,0
0,0,0.06527411,0
0,0,0.0651855,0
0,0,0.06506593,0
0,0,0.06497431,0
0,0,0.06485458,0
0,0,0.06475393,0
0,0,0.06467065,0
0,0,0.06457914,0
0,0,0.06447683,0
0,0,0.06440341,0
0,0,0.06431409,0
0,0,0.06420603,0
0,0,0.06412103,0
0,0,0.0640194,0
0,0,0.06391528,0
0,0,0.06379315,0
0,0,0.06368582,0
0,0,0.0635955,0
0,0,0.06349348,0
0,0,0.06340052,0
0,0,0.06331053,0
0,0,0.06322011,0
0,0,0.06312967,0
0,0,0.06303598,0
0,0,0.06293817,0
0,0,0.06286611,0
0,0,0.06272621,0
0,0,0.06264325,0
0,0,0.06256358,0
0,0,0.06246455,0
0,0,0.06237751,0
0,0,0.06230147,0
0,0,0.06219997,0
0,0,0.06210738,0
0,0,0.0620256,0
0,0,0.06193042,0
0,0,0.06183388,0
0,0,0.06172183,0
0,0,0.0616406,0
0,0,0.06153543,0
0,0,0.06145862,0
0,0,0.06135518,0
0,0,0.06126454,0
0,0,0.06117748,0
0,0,0.06110326,0
0,0,0.06101632,0
0,0,0.0609244,0
0,0,0.06083369,0
0,0,0.06074173,0
0,0,0.06065207,0
0,0,0.06056064,0
0,0,0.0604656,0
0,0,0.06037153,0
0,0,0.06027509,0
0,0,0.06018087,0
0,0,0.06010143,0
0,0,0.05998834,0
0,0,0.05992989,0
0,0,0.05987109,0
0,0,0.05974559,0
0,0,0.05967377,0
0,0,0.0595974,0
0,0,0.05952343,0
0,0,0.05944461,0
0,0,0.05936073,0
0,0,0.05927842,0
0,0,0.05920109,0
0,0,0.05912517,0
0,0,0.05903894,0
0,0,0.05896378,0
0,0,0.05888617,0
0,0,0.05879909,0
0,0,0.05873879,0
0,0,0.05867034,0
0,0,0.05860082,0
0,0,0.0585275,0
0,0,0.05845581,0
0,0,0.05838347,0
0,0,0.058315,0
0,0,0.05825209,0
0,0,0.05819323,0
0,0,0.0581353,0
0,0,0.05808506,0
0,0,0.05802966,0
0,0,0.05796835,0
0,0,0.05791621,0
0,0,0.05785955,0
0,0,0.0578242,0
0,0,0.05777639,0
0,0,0.0577306,0
0,0,0.05768594,0
0,0,0.05764186,0
0,0,0.05759964,0
0,0,0.05755888,0
0,0,0.0575198,0
0,0,0.05748202,0
0,0,0.05744493,0
0,0,0.05740933,0
0,0,0.05737398,0
0,0,0.05733947,0
0,0,0.05730633,0
0,0,0.05727278,0
0,0,0.05724906,0
0,0,0.0572216,0
0,0,0.05719337,0
0,0,0.05716593,0
0,0,0.05714473,0
0,0,0.05712035,0
0,0,0.05710235,0
0,0,0.05708615,0
0,0,0.05707061,0
0,0,0.05705723,0
0,0,0.05704131,0
0,0,0.05702636,0
0,0,0.05701243,0
0,0,0.05700017,0
0,0,0.0569874,0
0,0,0.05697791,0
0,0,0.05696439,0
0,0,0.05695359,0
0,0,0.0569464,0
0,0,0.05693965,0
0,0,0.05693587,0
0,0,0.0569348,0
0,0,0.05693497,0
0,0,0.05693421,0
0,0,0.05693353,0
0,0,0.05693172,0
0,0,0.05692967,0
0,0,0.05692825,0
0,0,0.05692795,0
0,0,0.05692915,0
0,0,0.05693251,0
0,0,0.05693728,0
0,0,0.05694024,0
0,0,0.05694195,0
0,0,0.05694542,0
0,0,0.05695296,0
0,0,0.05696256,0
0,0,0.05697656,0
0,0,0.0569943,0
0,0,0.05700728,0
0,0,0.05702354,0
0,0,0.0570409,0
0,0,0.05706124,0
0,0,0.05708898,0
0,0,0.05711906,0
0,0,0.05713762,0
0,0,0.05716276,0
0,0,0.05718542,0
0,0,0.0572067,0
0,0,0.05722752,0
0,0,0.05724908,0
0,0,0.05727105,0
0,0,0.0572929,0
0,0,0.05731399,0
0,0,0.05733559,0
0,0,0.05735897,0
0,0,0.0573847,0
0,0,0.05741227,0
0,0,0.05743552,0
0,0,0.05747227,0
0,0,0.05749927,0
0,0,0.05752939,0
0,0,0.0575701,0
0,0,0.05761596,0
0,0,0.05767083,0
0,0,0.05771983,0
0,0,0.05776196,0
0,0,0.05781937,0
0,0,0.05786933,0
0,0,0.05791187,0
0,0,0.05796663,0
0,0,0.05801062,0
0,0,0.05806279,0
0,0,0.05811604,0
0,0,0.05818739,0
0,0,0.05822901,0
0,0,0.05828623,0
0,0,0.05833403,0
0,0,0.05839821,0
0,0,0.05845381,0
0,0,0.05851001,0
0,0,0.05856789,0
0,0,0.05862726,0
0,0,0.05867865,0
0,0,0.05873748,0
0,0,0.0588068,0
0,0,0.05886808,0
0,0,0.05892029,0
0,0,0.0589809,0
0,0,0.05904796,0
0,0,0.05909944,0
0,0,0.05916861,0
0,0,0.05922171,0
0,0,0.05928283,0
0,0,0.05934497,0
0,0,0.05940772,0
0,0,0.05946964,0
0,0,0.05952993,0
0,0,0.05958809,0
0,0,0.05964753,0
0,0,0.05970825,0
0,0,0.05976829,0
0,0,0.05982867,0
0,0,0.05988897,0
0,0,0.05996042,0
0,0,0.06001405,0
0,0,0.06007707,0
0,0,0.06013817,0
0,0,0.06019692,0
0,0,0.06025155,0
0,0,0.06030698,0
0,0,0.06035679,0
0,0,0.06042847,0
0,0,0.06048411,0
0,0,0.06055006,0
0,0,0.06061662,0
0,0,0.06069211,0
0,0,0.06074908,0
0,0,0.06081466,0
0,0,0.06091009,0
0,0,0.06094714,0
0,0,0.06101335,0
0,0,0.06107923,0
0,0,0.06114508,0
0,0,0.06121394,0
0,0,0.06128177,0
0,0,0.06134922,0
0,0,0.06141399,0
0,0,0.06147645,0
0,0,0.06153833,0
0,0,0.06159933,0
0,0,0.06166785,0
0,0,0.06172987,0
0,0,0.06179704,0
0,0,0.06187939,0
0,0,0.06194201,0
0,0,0.06200528,0
0,0,0.0620888,0
0,0,0.0621518,0
0,0,0.06223528,0
0,0,0.06230727,0
0,0,0.06236915,0
0,0,0.06244271,0
0,0,0.06252899,0
0,0,0.06260709,0
0,0,0.06267615,0
0,0,0.06275436,0
0,0,0.06283098,0
0,0,0.06290561,0
0,0,0.0629928,0
0,0,0.06305999,0
0,0,0.06313872,0
0,0,0.06321367,0
0,0,0.06328683,0
0,0,0.06336086,0
0,0,0.06343894,0
0,0,0.06352071,0
0,0,0.06360362,0
0,0,0.0636639,0
0,0,0.06377393,0
0,0,0.06386093,0
0,0,0.06394681,0
0,0,0.06403171,0
0,0,0.06412039,0
0,0,0.06422551,0
0,0,0.06430829,0
0,0,0.06439199,0
0,0,0.06448948,0
0,0,0.06459831,0
0,0,0.06468128,0
0,0,0.06479457,0
0,0,0.06489353,0
0,0,0.06497797,0
0,0,0.06507511,0
0,0,0.06517228,0
0,0,0.06527155,0
0,0,0.06539046,0
0,0,0.06547953,0
0,0,0.06558435,0
0,0,0.06571269,0
0,0,0.06582112,0
0,0,0.06596442,0
0,0,0.06610983,0
0,0,0.06624272,0
0,0,0.06636312,0
0,0,0.06647696,0
0,0,0.0665883,0
0,0,0.06670105,0
0,0,0.06679979,0
0,0,0.06693935,0
0,0,0.06704589,0
0,0,0.06719723,0
0,0,0.06733138,0
0,0,0.06746235,0
0,0,0.06758482,0
0,0,0.06767051,0
0,0,0.06780811,0
0,0,0.06792899,0
0,0,0.0680497,0
0,0,0.06816985,0
0,0,0.06830579,0
0,0,0.06842485,0
0,0,0.06852427,0
0,0,0.06860351,0
0,0,0.0687471,0
0,0,0.06885833,0
0,0,0.06896528,0
0,0,0.06907059,0
0,0,0.06917395,0
0,0,0.06929674,0
0,0,0.0693888,0
0,0,0.06949137,0
0,0,0.06959766,0
0,0,0.06970719,0
0,0,0.0698187,0
0,0,0.0699236,0
0,0,0.07001601,0
0,0,0.07008991,0
0,0,0.07018748,0
0,0,0.07026614,0
0,0,0.07035734,0
0,0,0.07044762,0
0,0,0.07053569,0
0,0,0.07062133,0
0,0,0.07070599,0
0,0,0.07078899,0
0,0,0.07087316,0
0,0,0.07095675,0
0,0,0.07103691,0
0,0,0.07110488,0
0,0,0.0711712,0
0,0,0.07123851,0
0,0,0.07129403,0
0,0,0.0713623,0
0,0,0.07141727,0
0,0,0.07146823,0
0,0,0.0715165,0
0,0,0.07156184,0
0,0,0.07160526,0
0,0,0.07164429,0
0,0,0.0716792,0
0,0,0.07170816,0
0,0,0.07173043,0
0,0,0.07175654,0
0,0,0.07178265,0
0,0,0.07180583,0
0,0,0.07182546,0
0,0,0.07184362,0
0,0,0.07186302,0
0,0,0.07187947,0
0,0,0.07189776,0
0,0,0.07191674,0
0,0,0.07193502,0
0,0,0.07194733,0
0,0,0.07196293,0
0,0,0.07197551,0
0,0,0.07198876,0
0,0,0.07200053,0
0,0,0.07201096,0
0,0,0.07202237,0
0,0,0.07203432,0
0,0,0.07204648,0
0,0,0.07206007,0
0,0,0.07207242,0
0,0,0.07208343,0
0,0,0.07209358,0
0,0,0.07210254,0
0,0,0.07210567,0
0,0,0.07210687,0
0,0,0.0721115,0
0,0,0.0721172,0
0,0,0.07212332,0
0,0,0.07212495,0
0,0,0.07212558,0
0,0,0.07212708,0
0,0,0.0721278,0
0,0,0.07212704,0
0,0,0.07212465,0
0,0,0.07212178,0
0,0,0.07212136,0
0,0,0.07212102,0
0,0,0.07212119,0
0,0,0.07212157,0
0,0,0.07212221,0
0,0,0.07212298,0
0,0,0.0721229,0
0,0,0.07212127,0
0,0,0.07211843,0
0,0,0.07211658,0
0,0,0.0721162,0
0,0,0.0721167,0
0,0,0.07211722,0
0,0,0.0721169,0
0,0,0.07211515,0
0,0,0.07211087,0
0,0,0.07210549,0
0,0,0.07210166,0
0,0,0.07209703,0
0,0,0.07209598,0
0,0,0.07209586,0
0,0,0.07209602,0
0,0,0.07209449,0
0,0,0.07209396,0
0,0,0.07209384,0
0,0,0.07209262,0
0,0,0.07208808,0
0,0,0.07208182,0
0,0,0.07207671,0
0,0,0.07207318,0
0,0,0.07207045,0
0,0,0.07206719,0
0,0,0.07206381,0
0,0,0.07206073,0
0,0,0.07205781,0
0,0,0.07205408,0
0,0,0.07205191,0
0,0,0.07204904,0
0,0,0.0720467,0
0,0,0.07204466,0
0,0,0.07204347,0
0,0,0.07204264,0
0,0,0.07204188,0
0,0,0.07204369,0
0,0,0.07204594,0
0,0,0.0720496,0
0,0,0.07205191,0
0,0,0.07205423,0
0,0,0.07205766,0
0,0,0.07206029,0
0,0,0.07206169,0
0,0,0.07206193,0
0,0,0.07206184,0
0,0,0.07205935,0
0,0,0.07205711,0
0,0,0.07205372,0
0,0,0.07205088,0
0,0,0.07204825,0
0,0,0.07204684,0
0,0,0.07204473,0
0,0,0.07204416,0
0,0,0.07204382,0
0,0,0.07204383,0
0,0,0.07204401,0
0,0,0.07204418,0
0,0,0.07204483,0
0,0,0.07204577,0
0,0,0.07204616,0
0,0,0.07204708,0
0,0,0.07204967,0
0,0,0.07205338,0
0,0,0.07205879,0
0,0,0.07206345,0
0,0,0.07207005,0
0,0,0.07207792,0
0,0,0.07208788,0
0,0,0.07209981,0
0,0,0.07211288,0
0,0,0.07212736,0
0,0,0.07214288,0
0,0,0.07216781,0
0,0,0.07219137,0
0,0,0.07222264,0
0,0,0.07225602,0
0,0,0.07229128,0
0,0,0.07232773,0
0,0,0.072372,0
0,0,0.07242007,0
0,0,0.07247284,0
0,0,0.07253303,0
0,0,0.07259823,0
0,0,0.07266514,0
0,0,0.07273321,0
0,0,0.0728026,0
0,0,0.07286356,0
0,0,0.07296004,0
0,0,0.07302692,0
0,0,0.07309599,0
0,0,0.07318278,0
0,0,0.07327192,0
0,0,0.0733601,0
0,0,0.07345913,0
0,0,0.0735397,0
0,0,0.07363915,0
0,0,0.07373663,0
0,0,0.07383315,0
0,0,0.07393035,0
0,0,0.0740258,0
0,0,0.07412455,0
0,0,0.07422337,0
0,0,0.07434016,0
0,0,0.07442735,0
0,0,0.07452669,0
0,0,0.07462588,0
0,0,0.07472592,0
0,0,0.07482907,0
0,0,0.0749393,0
0,0,0.07505426,0
0,0,0.07515215,0
0,0,0.07526895,0
0,0,0.07536086,0
0,0,0.0754529,0
0,0,0.07553331,0
0,0,0.07563297,0
0,0,0.07573949,0
0,0,0.07586616,0
0,0,0.07597651,0
0,0,0.07608895,0
0,0,0.07617966,0
0,0,0.07628898,0
0,0,0.07637045,0
0,0,0.07645134,0
0,0,0.07659387,0
0,0,0.07673538,0
0,0,0.07687471,0
0,0,0.07695876,0
0,0,0.07703879,0
0,0,0.07711459,0
0,0,0.07719725,0
0,0,0.07728361,0
0,0,0.07738014,0
0,0,0.07745036,0
0,0,0.0775255,0
0,0,0.07762103,0
0,0,0.0776998,0
0,0,0.07777549,0
0,0,0.07783479,0
0,0,0.07791229,0
0,0,0.07798181,0
0,0,0.07805937,0
0,0,0.07815077,0
0,0,0.07822307,0
0,0,0.07829963,0
0,0,0.07836519,0
0,0,0.07841853,0
0,0,0.07847923,0
0,0,0.07853071,0
0,0,0.07859407,0
0,0,0.07866979,0
0,0,0.07875209,0
0,0,0.07883602,0
0,0,0.07891286,0
0,0,0.07898602,0
0,0,0.0790657,0
0,0,0.07914896,0
0,0,0.07923827,0
0,0,0.07933455,0
0,0,0.07943219,0
0,0,0.07952929,0
0,0,0.0796101,0
0,0,0.07973129,0
0,0,0.07980005,0
0,0,0.07991946,0
0,0,0.08001947,0
0,0,0.08016776,0
0,0,0.08030484,0
0,0,0.08042127,0
0,0,0.08054808,0
0,0,0.08067992,0
0,0,0.08077643,0
0,0,0.08090865,0
0,0,0.08101932,0
0,0,0.08112276,0
0,0,0.08124237,0
0,0,0.08133867,0
0,0,0.08147376,0
0,0,0.08157337,0
0,0,0.08168822,0
0,0,0.08179799,0
0,0,0.08190136,0
0,0,0.08200134,0
0,0,0.08209606,0
0,0,0.08218946,0
0,0,0.08228058,0
0,0,0.08237394,0
0,0,0.08246579,0
0,0,0.08255234,0
0,0,0.08262327,0
0,0,0.08270077,0
0,0,0.08277554,0
0,0,0.08285998,0
0,0,0.08292317,0
0,0,0.08299788,0
0,0,0.08307822,0
0,0,0.08315158,0
0,0,0.08321645,0
0,0,0.08328038,0
0,0,0.08334164,0
0,0,0.0833975,0
0,0,0.08344611,0
0,0,0.08349027,0
0,0,0.08352595,0
0,0,0.08356244,0
0,0,0.08360524,0
0,0,0.08366135,0
0,0,0.08374175,0
0,0,0.083804,0
0,0,0.08385969,0
0,0,0.08392315,0
0,0,0.0839634,0
0,0,0.08401528,0
0,0,0.0840564,0
0,0,0.08411878,0
0,0,0.08418296,0
0,0,0.08424076,0
0,0,0.08430696,0
0,0,0.08438497,0
0,0,0.08444574,0
0,0,0.08451265,0
0,0,0.08457546,0
0,0,0.08463918,0
0,0,0.08468658,0
0,0,0.08474641,0
0,0,0.08481488,0
0,0,0.08489407,0
0,0,0.08499041,0
0,0,0.08510184,0
0,0,0.0852249,0
0,0,0.08534408,0
0,0,0.08545429,0
0,0,0.08557827,0
0,0,0.0857268,0
0,0,0.08587919,0
0,0,0.08603041,0
0,0,0.08618593,0
0,0,0.08637084,0
0,0,0.08651511,0
0,0,0.0866869,0
0,0,0.086829,0
0,0,0.08700132,0
0,0,0.08711693,0
0,0,0.0872613,0
0,0,0.08736292,0
0,0,0.0874828,0
0,0,0.0876191,0
0,0,0.08772192,0
0,0,0.08789486,0
0,0,0.08802367,0
0,0,0.08810925,0
0,0,0.08819821,0
0,0,0.08827601,0
0,0,0.08832782,0
0,0,0.08841733,0
0,0,0.08848633,0
0,0,0.0885652,0
0,0,0.08863574,0
0,0,0.0886979,0
0,0,0.08875209,0
0,0,0.08879723,0
0,0,0.088834,0
0,0,0.08886325,0
0,0,0.08888576,0
0,0,0.08890209,0
0,0,0.08890823,0
0,0,0.08890098,0
0,0,0.08887148,0
0,0,0.08884563,0
0,0,0.08880361,0
0,0,0.08874458,0
0,0,0.08868628,0
0,0,0.08857828,0
0,0,0.08847049,0
0,0,0.0883073,0
0,0,0.08806617,0
0,0,0.08781225,0
0,0,0.08755679,0
0,0,0.08721468,0
0,0,0.08683482,0
0,0,0.08642562,0
0,0,0.08603793,0
0,0,0.08527439,0
0,0,0.08464087,0
0,0,0.08382,0
0,0,0.08294813,0
0,0,0.08206812,0
0,0,0.08131772,0
0,0,0.08051284,0
0,0,0.07969256,0
0,0,0.07887418,0
0,0,0.07806183,0
0,0,0.0772888,0
0,0,0.07654022,0
0,0,0.0757921,0
0,0,0.07507049,0
0,0,0.07435005,0
0,0,0.07364928,0
0,0,0.07298272,0
0,0,0.07233721,0
0,0,0.07171146,0
0,0,0.0710974,0
0,0,0.07050455,0
0,0,0.06993502,0
0,0,0.06938746,0
0,0,0.06888844,0
0,0,0.06839585,0
0,0,0.06794678,0
0,0,0.06751242,0
0,0,0.06707311,0
0,0,0.06664966,0
0,0,0.06623048,0
0,0,0.06582552,0
0,0,0.06542261,0
0,0,0.06503808,0
0,0,0.0646712,0
0,0,0.06432471,0
0,0,0.06398521,0
0,0,0.0636619,0
0,0,0.06335402,0
0,0,0.06306949,0
0,0,0.06280954,0
0,0,0.06261949,0
0,0,0.0624117,0
0,0,0.06218207,0
0,0,0.06195367,0
0,0,0.06174646,0
0,0,0.06151972,0
0,0,0.06136204,0
0,0,0.06118656,0
0,0,0.06101988,0
0,0,0.06086546,0
0,0,0.06072766,0
0,0,0.0606143,0
0,0,0.06052971,0
0,0,0.0604228,0
0,0,0.06032862,0
0,0,0.06021556,0
0,0,0.0601114,0
0,0,0.06000536,0
0,0,0.05990271,0
0,0,0.05980605,0
0,0,0.05970285,0
0,0,0.05962389,0
0,0,0.05954259,0
0,0,0.0594618,0
0,0,0.05937697,0
0,0,0.05930163,0
0,0,0.05921063,0
0,0,0.05911978,0
0,0,0.05902503,0
0,0,0.05891059,0
0,0,0.05878261,0
0,0,0.05864824,0
0,0,0.05850924,0
0,0,0.05837676,0
0,0,0.05825668,0
0,0,0.05812244,0
0,0,0.05802204,0
0,0,0.05790672,0
0,0,0.05779316,0
0,0,0.05768093,0
0,0,0.05756608,0
0,0,0.05744592,0
0,0,0.05734057,0
0,0,0.05725517,0
0,0,0.05719151,0
0,0,0.05714736,0
0,0,0.05711159,0
0,0,0.05705296,0
0,0,0.05697336,0
0,0,0.05691002,0
0,0,0.05682888,0
0,0,0.05676886,0
0,0,0.05668274,0
0,0,0.05660465,0
0,0,0.05651728,0
0,0,0.05643825,0
0,0,0.05635847,0
0,0,0.05627966,0
0,0,0.05620028,0
0,0,0.05611688,0
0,0,0.05603391,0
0,0,0.05593839,0
0,0,0.05586536,0
0,0,0.05577989,0
0,0,0.05570504,0
0,0,0.05563766,0
0,0,0.05559961,0
0,0,0.0555604,0
0,0,0.05552192,0
0,0,0.05548408,0
0,0,0.05544795,0
0,0,0.05541161,0
0,0,0.05537177,0
0,0,0.05533049,0
0,0,0.0552927,0
0,0,0.05526608,0
0,0,0.0552393,0
0,0,0.05522099,0
0,0,0.05520717,0
0,0,0.05519522,0
0,0,0.05518321,0
0,0,0.05517578,0
0,0,0.05516908,0
0,0,0.05515946,0
0,0,0.05515367,0
0,0,0.05514836,0
0,0,0.05514362,0
0,0,0.05513911,0
0,0,0.05513532,0
0,0,0.05513122,0
0,0,0.05512832,0
0,0,0.05512346,0
0,0,0.0551184,0
0,0,0.05511013,0
0,0,0.05509998,0
0,0,0.05508432,0
0,0,0.0550696,0
0,0,0.0550498,0
0,0,0.05502711,0
0,0,0.05500001,0
0,0,0.05497386,0
0,0,0.05493325,0
0,0,0.05490204,0
0,0,0.05486419,0
0,0,0.05483384,0
0,0,0.0548031,0
0,0,0.05477522,0
0,0,0.05473419,0
0,0,0.05469495,0
0,0,0.05466161,0
0,0,0.05462214,0
0,0,0.05459693,0
0,0,0.05457206,0
0,0,0.05455491,0
0,0,0.05454576,0
0,0,0.05454247,0
0,0,0.05454234,0
0,0,0.05454605,0
0,0,0.05455439,0
0,0,0.05456258,0
0,0,0.05456582,0
0,0,0.05456567,0
0,0,0.05456372,0
0,0,0.05456193,0
0,0,0.05455942,0
0,0,0.05455681,0
0,0,0.05455786,0
0,0,0.05456145,0
0,0,0.05456733,0
0,0,0.05457283,0
0,0,0.05457924,0
0,0,0.05458371,0
0,0,0.05459007,0
0,0,0.0545974,0
0,0,0.05460495,0
0,0,0.05461381,0
0,0,0.05462274,0
0,0,0.05463007,0
0,0,0.05463807,0
0,0,0.0546503,0
0,0,0.05466654,0
0,0,0.05467791,0
0,0,0.05468828,0
0,0,0.05469614,0
0,0,0.05470085,0
0,0,0.05470337,0
0,0,0.05470526,0
0,0,0.0547075,0
0,0,0.05470949,0
0,0,0.05471269,0
0,0,0.0547149,0
0,0,0.05471051,0
0,0,0.05469865,0
0,0,0.05468608,0
0,0,0.05467314,0
0,0,0.05465413,0
0,0,0.05464054,0
0,0,0.05462686,0
0,0,0.05461016,0
0,0,0.05459568,0
0,0,0.05458216,0
0,0,0.05456212,0
0,0,0.05453778,0
0,0,0.05451681,0
0,0,0.05448879,0
0,0,0.05445623,0
0,0,0.05441846,0
0,0,0.05437975,0
0,0,0.05433938,0
0,0,0.0543025,0
0,0,0.05425813,0
0,0,0.05422328,0
0,0,0.05418014,0
0,0,0.0541397,0
0,0,0.0540996,0
0,0,0.05406036,0
0,0,0.05402383,0
0,0,0.05398845,0
0,0,0.05395342,0
0,0,0.05391543,0
0,0,0.05388456,0
0,0,0.05385926,0
0,0,0.05382551,0
0,0,0.05379779,0
0,0,0.05377548,0
0,0,0.05374641,0
0,0,0.05372907,0
0,0,0.0537122,0
0,0,0.05369041,0
0,0,0.05367161,0
0,0,0.05365616,0
0,0,0.05363565,0
0,0,0.0536193,0
0,0,0.0536012,0
0,0,0.05358312,0
0,0,0.05357071,0
0,0,0.05355501,0
0,0,0.05353791,0
0,0,0.05351847,0
0,0,0.05350548,0
0,0,0.05348977,0
0,0,0.05347734,0
0,0,0.05346269,0
0,0,0.05344676,0
0,0,0.0534314,0
0,0,0.05341353,0
0,0,0.05339455,0
0,0,0.05337377,0
0,0,0.05334879,0
0,0,0.05332432,0
0,0,0.05328897,0
0,0,0.05325407,0
0,0,0.05322142,0
0,0,0.05317448,0
0,0,0.05313797,0
0,0,0.05308521,0
0,0,0.05303578,0
0,0,0.05298939,0
0,0,0.05292699,0
0,0,0.05285805,0
0,0,0.05278304,0
0,0,0.05270093,0
0,0,0.0526137,0
0,0,0.05252971,0
0,0,0.05244571,0
0,0,0.05236137,0
0,0,0.05227721,0
0,0,0.0521924,0
0,0,0.05211669,0
0,0,0.05201698,0
0,0,0.05192292,0
0,0,0.05185531,0
0,0,0.0517766,0
0,0,0.05169966,0
0,0,0.0516242,0
0,0,0.05155535,0
0,0,0.05147928,0
0,0,0.05140019,0
0,0,0.05131897,0
0,0,0.05123516,0
0,0,0.05114413,0
0,0,0.05105221,0
0,0,0.05096507,0
0,0,0.0508826,0
0,0,0.05080147,0
0,0,0.0507022,0
0,0,0.05062472,0
0,0,0.05053914,0
0,0,0.05045539,0
0,0,0.05037276,0
0,0,0.05028541,0
0,0,0.05019671,0
0,0,0.05011356,0
0,0,0.050035,0
0,0,0.04994822,0
0,0,0.04987048,0
0,0,0.04980388,0
0,0,0.04974396,0
0,0,0.0496808,0
0,0,0.04962607,0
0,0,0.04955114,0
0,0,0.04951278,0
0,0,0.04945982,0
0,0,0.04940582,0
0,0,0.04935306,0
0,0,0.04930251,0
0,0,0.04925283,0
0,0,0.0492027,0
0,0,0.04915458,0
0,0,0.04910799,0
0,0,0.04906256,0
0,0,0.04901944,0
0,0,0.04897834,0
0,0,0.0489415,0
0,0,0.04890801,0
0,0,0.04887208,0
0,0,0.04884656,0
0,0,0.04881791,0
0,0,0.04879107,0
0,0,0.04876603,0
0,0,0.04874377,0
0,0,0.04872441,0
0,0,0.048706,0
0,0,0.0486871,0
0,0,0.0486706,0
0,0,0.04865866,0
0,0,0.048647,0
0,0,0.04864163,0
0,0,0.04864095,0
0,0,0.04864436,0
0,0,0.04865019,0
0,0,0.04865826,0
0,0,0.04867408,0
0,0,0.04868907,0
0,0,0.04870869,0
0,0,0.0487313,0
0,0,0.04875749,0
0,0,0.04878938,0
0,0,0.04881536,0
0,0,0.04884865,0
0,0,0.0488861,0
0,0,0.04892639,0
0,0,0.04897849,0
0,0,0.0490221,0
0,0,0.04908461,0
0,0,0.04913493,0
0,0,0.04919817,0
0,0,0.04926655,0
0,0,0.04933818,0
0,0,0.04941311,0
0,0,0.04949262,0
0,0,0.04958003,0
0,0,0.04966416,0
0,0,0.0497882,0
0,0,0.04988847,0
0,0,0.05001341,0
0,0,0.05015669,0
0,0,0.05026323,0
0,0,0.05040351,0
0,0,0.05051475,0
0,0,0.05069375,0
0,0,0.05079647,0
0,0,0.05093761,0
0,0,0.05107355,0
0,0,0.05119673,0
0,0,0.0513039,0
0,0,0.05139728,0
0,0,0.0514852,0
0,0,0.05157202,0
0,0,0.05166623,0
0,0,0.05176265,0
0,0,0.05186073,0
0,0,0.05196005,0
0,0,0.0520535,0
0,0,0.0521257,0
0,0,0.05222107,0
0,0,0.05228438,0
0,0,0.05235078,0
0,0,0.05244556,0
0,0,0.05251988,0
0,0,0.05260584,0
0,0,0.05269182,0
0,0,0.05278039,0
0,0,0.05285904,0
0,0,0.05297795,0
0,0,0.05307072,0
0,0,0.05315948,0
0,0,0.0532386,0
0,0,0.05331333,0
0,0,0.05339144,0
0,0,0.05347709,0
0,0,0.05356452,0
0,0,0.05363662,0
0,0,0.05372975,0
0,0,0.05381062,0
0,0,0.05389167,0
0,0,0.05398284,0
0,0,0.05408825,0
0,0,0.05419545,0
0,0,0.05428144,0
0,0,0.05434836,0
0,0,0.05441585,0
0,0,0.05450181,0
0,0,0.05459334,0
0,0,0.05469291,0
0,0,0.05480725,0
0,0,0.05488751,0
0,0,0.05495927,0
0,0,0.05503454,0
0,0,0.05510888,0
0,0,0.05517946,0
0,0,0.05524411,0
0,0,0.0553066,0
0,0,0.05536754,0
0,0,0.05543017,0
0,0,0.0554897,0
0,0,0.05555069,0
0,0,0.05561219,0
0,0,0.05567049,0
0,0,0.05572617,0
0,0,0.05578689,0
0,0,0.05582966,0
0,0,0.05587837,0
0,0,0.05592668,0
0,0,0.05597548,0
0,0,0.05602252,0
0,0,0.05606044,0
0,0,0.05611057,0
0,0,0.05615491,0
0,0,0.05619803,0
0,0,0.0562323,0
0,0,0.05626689,0
0,0,0.05629791,0
0,0,0.05632431,0
0,0,0.05634925,0
0,0,0.0563782,0
0,0,0.05639318,0
0,0,0.05641182,0
0,0,0.0564292,0
0,0,0.05644437,0
0,0,0.05645495,0
0,0,0.05646349,0
0,0,0.05647283,0
0,0,0.05648356,0
0,0,0.05649126,0
0,0,0.05649523,0
0,0,0.05649631,0
0,0,0.05649349,0
0,0,0.05648645,0
0,0,0.05647621,0
0,0,0.05646357,0
0,0,0.056454,0
0,0,0.05644188,0
0,0,0.05642996,0
0,0,0.0564185,0
0,0,0.05640756,0
0,0,0.0563993,0
0,0,0.05638991,0
0,0,0.05638083,0
0,0,0.0563755,0
0,0,0.05637105,0
0,0,0.05636817,0
0,0,0.05636787,0
0,0,0.0563678,0
0,0,0.05636624,0
0,0,0.05636344,0
0,0,0.05635763,0
0,0,0.05634445,0
0,0,0.05633301,0
0,0,0.05632303,0
0,0,0.05631181,0
0,0,0.05630319,0
0,0,0.05629355,0
0,0,0.05628545,0
0,0,0.05627597,0
0,0,0.05626849,0
0,0,0.05626177,0
0,0,0.05625523,0
0,0,0.05624889,0
0,0,0.05624239,0
0,0,0.05623451,0
0,0,0.05622827,0
0,0,0.05622128,0
0,0,0.05621317,0
0,0,0.05620608,0
0,0,0.05619605,0
0,0,0.05618837,0
0,0,0.05617961,0
0,0,0.05617157,0
0,0,0.05616643,0
0,0,0.05616219,0
0,0,0.05616129,0
0,0,0.05616386,0
0,0,0.05617067,0
0,0,0.05618354,0
0,0,0.0561992,0
0,0,0.05621718,0
0,0,0.05624723,0
0,0,0.05627432,0
0,0,0.05631085,0
0,0,0.05635362,0
0,0,0.05640143,0
0,0,0.0564553,0
0,0,0.05651806,0
0,0,0.05659155,0
0,0,0.05667036,0
0,0,0.05674936,0
0,0,0.05682684,0
0,0,0.05690861,0
0,0,0.05698657,0
0,0,0.05712849,0
0,0,0.0572261,0
0,0,0.05740502,0
0,0,0.0575729,0
0,0,0.05775502,0
0,0,0.05791514,0
0,0,0.05811999,0
0,0,0.05827508,0
0,0,0.05850071,0
0,0,0.05868878,0
0,0,0.05891331,0
0,0,0.05916668,0
0,0,0.0593508,0
0,0,0.05957599,0
0,0,0.05974394,0
0,0,0.0599792,0
0,0,0.06021419,0
0,0,0.06044159,0
0,0,0.06071845,0
0,0,0.06098722,0
0,0,0.06124652,0
0,0,0.06148614,0
0,0,0.06171254,0
0,0,0.06194445,0
0,0,0.06218612,0
0,0,0.06240263,0
0,0,0.06265272,0
0,0,0.06288962,0
0,0,0.06316699,0
0,0,0.06338536,0
0,0,0.06372388,0
0,0,0.06390598,0
0,0,0.06414675,0
0,0,0.0643441,0
0,0,0.06460201,0
0,0,0.06488565,0
0,0,0.06524795,0
0,0,0.06562479,0
0,0,0.06605124,0
0,0,0.06634936,0
0,0,0.06662083,0
0,0,0.06697777,0
0,0,0.06748396,0
0,0,0.0679686,0
0,0,0.06836217,0
0,0,0.06872727,0
0,0,0.06899492,0
0,0,0.06925868,0
0,0,0.06960746,0
0,0,0.06988404,0
0,0,0.07012639,0
0,0,0.07051673,0
0,0,0.0708231,0
0,0,0.07112163,0
0,0,0.07134864,0
0,0,0.07154983,0
0,0,0.07174396,0
0,0,0.07195827,0
0,0,0.07220083,0
0,0,0.07244986,0
0,0,0.07271691,0
0,0,0.07290468,0
0,0,0.07311815,0
0,0,0.0733389,0
0,0,0.07353648,0
0,0,0.0738067,0
0,0,0.07403434,0
0,0,0.07425056,0
0,0,0.07445206,0
0,0,0.07464956,0
0,0,0.07485353,0
0,0,0.07505675,0
0,0,0.0752305,0
0,0,0.07547271,0
0,0,0.07566932,0
0,0,0.07598128,0
0,0,0.07617813,0
0,0,0.07638276,0
0,0,0.07657229,0
0,0,0.0767514,0
0,0,0.07695347,0
0,0,0.07719237,0
0,0,0.07741105,0
0,0,0.07766565,0
0,0,0.07794027,0
0,0,0.07813629,0
0,0,0.07840538,0
0,0,0.07865562,0
0,0,0.07887782,0
0,0,0.07919212,0
0,0,0.07946368,0
0,0,0.07969445,0
0,0,0.07997104,0
0,0,0.08025908,0
0,0,0.08056232,0
0,0,0.08086819,0
0,0,0.0811708,0
0,0,0.08147162,0
0,0,0.08176222,0
0,0,0.08204031,0
0,0,0.08230168,0
0,0,0.08255598,0
0,0,0.08277872,0
0,0,0.08308864,0
0,0,0.08335237,0
0,0,0.08364759,0
0,0,0.08383956,0
0,0,0.08412268,0
0,0,0.08440923,0
0,0,0.08470374,0
0,0,0.08501937,0
0,0,0.08537212,0
0,0,0.08560926,0
0,0,0.08589988,0
0,0,0.08614946,0
0,0,0.08635783,0
0,0,0.08662456,0
0,0,0.08682942,0
0,0,0.08707614,0
0,0,0.08732875,0
0,0,0.0876133,0
0,0,0.08781664,0
0,0,0.08804841,0
0,0,0.08828364,0
0,0,0.08852255,0
0,0,0.08875684,0
0,0,0.0890049,0
0,0,0.08924481,0
0,0,0.08945022,0
0,0,0.08968819,0
0,0,0.08992318,0
0,0,0.09017263,0
0,0,0.09047531,0
0,0,0.09070599,0
0,0,0.09098344,0
0,0,0.09134617,0
0,0,0.09157445,0
0,0,0.09177501,0
0,0,0.09197987,0
0,0,0.0921964,0
0,0,0.09245144,0
0,0,0.09271928,0
0,0,0.09298293,0
0,0,0.09322052,0
0,0,0.09342422,0
0,0,0.09360659,0
0,0,0.09381121,0
0,0,0.09406849,0
0,0,0.09434398,0
0,0,0.09460433,0
0,0,0.09489377,0
0,0,0.09512676,0
0,0,0.09536802,0
0,0,0.09565707,0
0,0,0.09598019,0
0,0,0.09625246,0
0,0,0.09651916,0
0,0,0.09679014,0
0,0,0.09703519,0
0,0,0.09732814,0
0,0,0.09763625,0
0,0,0.09795976,0
0,0,0.09828835,0
0,0,0.09866945,0
0,0,0.09896935,0
0,0,0.09936982,0
0,0,0.0996656,0
0,0,0.1000013,0
0,0,0.1003386,0
0,0,0.1006906,0
0,0,0.101048,0
0,0,0.1014293,0
0,0,0.1018224,0
0,0,0.1021993,0
0,0,0.1025677,0
0,0,0.1029444,0
0,0,0.1033413,0
0,0,0.1037482,0
0,0,0.1040967,0
0,0,0.1045653,0
0,0,0.1049649,0
0,0,0.1052997,0
0,0,0.1057381,0
0,0,0.1060556,0
0,0,0.1064156,0
0,0,0.1067613,0
0,0,0.1071001,0
0,0,0.1074835,0
0,0,0.1077726,0
0,0,0.1080835,0
0,0,0.1083493,0
0,0,0.1085629,0
0,0,0.1087508,0
0,0,0.108929,0
0,0,0.1091096,0
0,0,0.1093441,0
0,0,0.1094688,0
0,0,0.109629,0
0,0,0.1097746,0
0,0,0.1099531,0
0,0,0.1101377,0
0,0,0.110286,0
0,0,0.1104203,0
0,0,0.1105093,0
0,0,0.1106117,0
0,0,0.1106892,0
0,0,0.1107579,0
0,0,0.110814,0
0,0,0.1108879,0
0,0,0.1109578,0
0,0,0.1110385,0
0,0,0.1111024,0
0,0,0.1111838,0
0,0,0.1112589,0
0,0,0.1113518,0
0,0,0.1114573,0
0,0,0.1115751,0
0,0,0.1117307,0
0,0,0.1118668,0
0,0,0.112045,0
0,0,0.112244,0
0,0,0.1124604,0
0,0,0.1126997,0
0,0,0.1129548,0
0,0,0.1132629,0
0,0,0.1135344,0
0,0,0.1137743,0
0,0,0.1140672,0
0,0,0.1143721,0
0,0,0.1146879,0
0,0,0.1150137,0
0,0,0.1153585,0
0,0,0.1156608,0
0,0,0.1160286,0
0,0,0.116467,0
0,0,0.1168102,0
0,0,0.1172299,0
0,0,0.1175976,0
0,0,0.1181457,0
0,0,0.1185117,0
0,0,0.1190603,0
0,0,0.1194583,0
0,0,0.11987,0
0,0,0.1204302,0
0,0,0.1208343,0
0,0,0.1213038,0
0,0,0.1217999,0
0,0,0.122299,0
0,0,0.1228124,0
0,0,0.1233408,0
0,0,0.1238748,0
0,0,0.1244337,0
0,0,0.1250061,0
0,0,0.1255745,0
0,0,0.1261312,0
0,0,0.1267548,0
0,0,0.1272211,0
0,0,0.1277345,0
0,0,0.1281541,0
0,0,0.1287145,0
0,0,0.1292186,0
0,0,0.129722,0
0,0,0.1301456,0
0,0,0.130614,0
0,0,0.1310482,0
0,0,0.1315286,0
0,0,0.1318686,0
0,0,0.1322977,0
0,0,0.1325998,0
0,0,0.1329578,0
0,0,0.1334292,0
0,0,0.1336905,0
0,0,0.1340566,0
0,0,0.1344189,0
0,0,0.1347738,0
0,0,0.1351395,0
0,0,0.1355016,0
0,0,0.1358406,0
0,0,0.1361781,0
0,0,0.1365404,0
0,0,0.136917,0
0,0,0.1373055,0
0,0,0.1377005,0
0,0,0.1380476,0
0,0,0.1384764,0
0,0,0.1390617,0
0,0.06976184,0,0
0,0.06992026,0,0
0,0.07013763,0,0
0,0.07035753,0,0
0,0.07063963,0,0
0,0.07078882,0,0
0,0.07098179,0,0
0,0.07116696,0,0
0,0.0713525,0,0
0,0.07153179,0,0
0,0.07170927,0,0
0,0.07190724,0,0
0,0.07209584,0,0
0,0.0722803,0,0
0,0.07247903,0,0
0,0.0726217,0,0
0,0.0728002,0,0
0,0.07297619,0,0
0,0.07312315,0,0
0,0.0732428,0,0
0,0.07336821,0,0
0,0.07349838,0,0
0,0.07362182,0,0
0,0.07372628,0,0
0,0.07382152,0,0
0,0.07391651,0,0
0,0.07400778,0,0
0,0.07408672,0,0
0,0.0741505,0,0
0,0.07428527,0,0
0,0.07434753,0,0
0,0.07448462,0,0
0,0.07457072,0,0
0,0.07464395,0,0
0,0.07471386,0,0
0,0.07478654,0,0
0,0.07485867,0,0
0,0.07492525,0,0
0,0.07498505,0,0
0,0.07504129,0,0
0,0.07509444,0,0
0,0.07514378,0,0
0,0.07518899,0,0
0,0.07523206,0,0
0,0.07527436,0,0
0,0.07530241,0,0
0,0.07533494,0,0
0,0.07536816,0,0
0,0.07539617,0,0
0,0.07541256,0,0
0,0.07542138,0,0
0,0.07542852,0,0
0,0.07543063,0,0
0,0.07542912,0,0
0,0.07542412,0,0
0,0.07541569,0,0
0,0.07540457,0,0
0,0.07538852,0,0
0,0.0753788,0,0
0,0.0753676,0,0
0,0.07536168,0,0
0,0.07534964,0,0
0,0.0753365,0,0
0,0.07533229,0,0
0,0.07533031,0,0
0,0.07532917,0,0
0,0.07532851,0,0
0,0.07533227,0,0
0,0.07533387,0,0
0,0.07533818,0,0
0,0.07534841,0,0
0,0.07536538,0,0
0,0.07538348,0,0
0,0.07539957,0,0
0,0.07541809,0,0
0,0.07544015,0,0
0,0.07546818,0,0
0,0.07549211,0,0
0,0.07551317,0,0
0,0.0755338,0,0
0,0.075547,0,0
0,0.07556442,0,0
0,0.07557997,0,0
0,0.07560278,0,0
0,0.07563449,0,0
0,0.07566314,0,0
0,0.07570712,0,0
0,0.07574777,0,0
0,0.07578178,0,0
0,0.07582201,0,0
0,0.07585358,0,0
0,0.07588164,0,0
0,0.07591566,0,0
0,0.07595028,0,0
0,0.07598267,0,0
0,0.07601412,0,0
0,0.07604775,0,0
0,0.07608833,0,0
0,0.07613209,0,0
0,0.07617426,0,0
0,0.07621355,0,0
0,0.07625186,0,0
0,0.07629016,0,0
0,0.07632457,0,0
0,0.07637366,0,0
0,0.07639962,0,0
0,0.07644216,0,0
0,0.07648297,0,0
0,0.0765254,0,0
0,0.0765614,0,0
0,0.07659881,0,0
0,0.07663728,0,0
0,0.07665833,0,0
0,0.07667465,0,0
0,0.07668446,0,0
0,0,0.1533836,0
0,0,0.1533859,0
0,0,0.1533693,0
0,0,0.1533441,0
0,0,0.1532978,0
0,0,0.1532445,0
0,0,0.1531692,0
0,0,0.1530886,0
0,0,0.1530158,0
0,0,0.1529481,0
0,0,0.1528724,0
0,0,0.1527825,0
0,0,0.1526807,0
0,0,0.1525885,0
0,0,0.1524678,0
0,0,0.1523825,0
0,0,0.1523197,0
0,0,0.1522044,0
0,0,0.1520231,0
0,0,0.1519357,0
0,0,0.1518698,0
0,0,0.1518059,0
0,0,0.1517541,0
0,0,0.1517304,0
0,0,0.1517312,0
0,0,0.1517773,0
0,0,0.1518533,0
0,0,0.1519478,0
0,0,0.1520652,0
0,0,0.1522127,0
0,0,0.1523907,0
0,0,0.1525806,0
0,0,0.1527617,0
0,0,0.1529508,0
0,0,0.1531957,0
0,0,0.1533902,0
0,0,0.1536246,0
0,0,0.1538659,0
0,0,0.1541206,0
0,0,0.1543837,0
0,0,0.15464,0
0,0,0.1549092,0
0,0,0.1551488,0
0,0,0.1554553,0
0,0,0.1556886,0
0,0,0.1558712,0
0,0,0.1560659,0
0,0,0.156273,0
0,0,0.1565166,0
0,0.07837944,0,0
0,0.07845113,0,0
0,0.07854981,0,0
0,0.07863411,0,0
0,0.0787467,0,0
0,0.07883772,0,0
0,0.07892143,0,0
0,0.07900222,0,0
0,0.07908314,0,0
0,0.07918242,0,0
0,0.07925487,0,0
0,0.07933341,0,0
0,0.07940623,0,0
0,0.0794783,0,0
0,0.07955319,0,0
0,0.07963642,0,0
0,0.0796912,0,0
0,0.07974329,0,0
0,0.07978165,0,0
0,0.07982686,0,0
0,0.07986268,0,0
0,0.07989818,0,0
0,0.07994145,0,0
0,0.07997118,0,0
0,0.07998654,0,0
0,0.08000129,0,0
0,0.08000769,0,0
0,0.08000725,0,0
0,0.08000245,0,0
0,0.07999962,0,0
0,0.07999952,0,0
0,0.0800035,0,0
0,0.08001081,0,0
0,0.08002833,0,0
0,0.08003994,0,0
0,0.0800707,0,0
0,0.0800856,0,0
0,0.08011192,0,0
0,0.08012509,0,0
0,0.08014648,0,0
0,0.08016334,0,0
0,0.08017495,0,0
0,0.08018044,0,0
0,0.08018344,0,0
0,0.08017989,0,0
0,0.0801744,0,0
0,0.08016697,0,0
0,0.080153,0,0
0,0.08013309,0,0
0,0.08010509,0,0
0,0.08007089,0,0
0,0.08001348,0,0
0,0.07996292,0,0
0,0.07990011,0,0
0,0.07983455,0,0
0,0.07976401,0,0
0,0.0796883,0,0
0,0.07961767,0,0
0,0.07954831,0,0
0,0.07946803,0,0
0,0.07936607,0,0
0,0.07929187,0,0
0,0.07920888,0,0
0,0.07912543,0,0
0,0.07905086,0,0
0,0.07899054,0,0
0,0.0789274,0,0
0,0.07885485,0,0
0,0.07874969,0,0
0,0.07865702,0,0
0,0.07853479,0,0
0,0.07839753,0,0
0,0.07825088,0,0
0,0.07806697,0,0
0,0.07790043,0,0
0,0.07773067,0,0
0,0.07756554,0,0
0,0.07743172,0,0
0,0.07728138,0,0
0,0.07713297,0,0
0,0.07700277,0,0
0,0.07694775,0,0
0,0.07683059,0,0
0,0.0767649,0,0
0,0.07670194,0,0
0,0.0766672,0,0
0,0.07663395,0,0
0,0.07660646,0,0
0,0.07658629,0,0
0,0.07656661,0,0
0,0.0765424,0,0
0,0.07652495,0,0
0,0.07651035,0,0
0,0.07649861,0,0
0,0.0764937,0,0
0,0.07649582,0,0
0,0.07650819,0,0
0,0.07653592,0,0
0,0.07657249,0,0
0,0.07663517,0,0
0,0.07674383,0,0
0,0.07688253,0,0
0,0.077073,0,0
0,0.07727929,0,0
0,0.07759397,0,0
0,0.07803387,0,0
0,0.07840078,0,0
0,0.07889905,0,0
0,0.07944687,0,0
0,0.08006506,0,0
0,0.08074287,0,0
0,0.08149411,0,0
0,0.08228809,0,0
0,0.08315311,0,0
0,0.08404814,0,0
0,0.08495172,0,0
0,0.08584397,0,0
0,0.08670284,0,0
0,0.0875464,0,0
0,0.08839718,0,0
0,0.08940372,0,0
0,0.09014855,0,0
0,0.09084539,0,0
0,0.09161112,0,0
0,0.09238399,0,0
0,0.09290534,0,0
0,0.09357984,0,0
0,0.09421214,0,0
0,0.0947352,0,0
0,0.09532019,0,0
0,0.09586682,0,0
0,0.09639456,0,0
0,0.09687551,0,0
0,0.09734669,0,0
0,0.09781651,0,0
0,0.09839045,0,0
0,0.09869016,0,0
0,0.09909834,0,0
0,0.09950422,0,0
0,0.0999018,0,0
0,0.1002836,0,0
0,0.1006469,0,0
0,0.1009827,0,0
0,0.1012559,0,0
0,0.1016388,0,0
0,0.1018724,0,0
0,0.1020759,0,0
0,0.1023369,0,0
0,0.1025436,0,0
0,0.1028303,0,0
0,0.1031263,0,0
0,0.1033181,0,0
0,0.1035927,0,0
0,0.1038613,0,0
0,0.1041559,0,0
0,0.1044087,0,0
0,0.1046198,0,0
0,0.104872,0,0
0,0.1051387,0,0
0,0.1053937,0,0
0,0.1056714,0,0
0,0.1058904,0,0
0,0.1061832,0,0
0,0.1063832,0,0
0,0.1066018,0,0
0,0.1068363,0,0
0,0.1070247,0,0
0,0.1072524,0,0
0,0.1074549,0,0
0,0.1076413,0,0
0,0.107819,0,0
0,0.1080006,0,0
0,0.108182,0,0
0,0.1083651,0,0
0,0.1085474,0,0
0,0.1087246,0,0
0,0.1088944,0,0
0,0.1090459,0,0
0,0.1092285,0,0
0,0.10939,0,0
0,0.109553,0,0
0,0.109628,0,0
0,0.109753,0,0
0,0.1098779,0,0
0,0.1100131,0,0
0,0.1101024,0,0
0,0.1102049,0,0
0,0.1102769,0,0
0,0.1103538,0,0
0,0.1104695,0,0
0,0.1105898,0,0
0,0.1106734,0,0
0,0.1107291,0,0
0,0.1107932,0,0
0,0.1108999,0,0
0,0.1109813,0,0
0,0.1110582,0,0
0,0.1111351,0,0
0,0.111193,0,0
0,0.1112188,0,0
0,0.1112322,0,0
0,0.1112278,0,0
0,0.1112157,0,0
0,0.1111742,0,0
0,0.1111371,0,0
0,0.1111117,0,0
0,0.1110952,0,0
0,0.1110765,0,0
0,0.1110462,0,0
0,0.1110285,0,0
0,0.1110173,0,0
0,0.1110172,0,0
0,0.1110233,0,0
0,0.111049,0,0
0,0.1110777,0,0
0,0.111098,0,0
0,0.1111126,0,0
0,0.1111355,0,0
0,0.1111701,0,0
0,0.1112009,0,0
0,0.1112091,0,0
0,0.1112109,0,0
0,0.1112168,0,0
0,0.1112285,0,0
0,0.1112356,0,0
0,0.1112112,0,0
0,0.111199,0,0
0,0.1112045,0,0
0,0.1112258,0,0
0,0.1112477,0,0
0,0.1112722,0,0
0,0.1112907,0,0
0,0.1113078,0,0
0,0.111336,0,0
0,0.1113815,0,0
0,0.1114527,0,0
0,0.1115366,0,0
0,0.1116331,0,0
0,0.1117288,0,0
0,0.1118464,0,0
0,0.1120042,0,0
0,0.1121459,0,0
0,0.1122977,0,0
0,0.1124415,0,0
0,0.1125864,0,0
0,0.1126953,0,0
0,0.1127257,0,0
0,0.1126607,0,0
0,0.1125611,0,0
0,0.1123743,0,0
0,0.2242771,0,0.2242771
0,0.2236955,0,0.2236955
0,0.2230262,0,0.2230262
0,0.2221739,0,0.2221739
0,0.2214882,0,0.2214882
0,0.2199148,0,0.2199148
0,0.2190315,0,0.2190315
0,0.2176015,0,0.2176015
0,0.2164986,0,0.2164986
0,0.2152189,0,0.2152189
0,0.2138125,0,0.2138125
0,0.2122766,0,0.2122766
0,0.2106788,0,0.2106788
0,0.2087491,0,0.2087491
0,0,0,0.1036782
0,0,0,0.1029487
0,0,0,0.1021973
0,0,0,0.1013489
0,0,0,0.1005055
0,0,0,0.09977125
0,0,0,0.09893472
0,0,0,0.09832544
0,0,0,0.09771275
0,0,0,0.0972036
0,0,0,0.09671614
0,0,0,0.09626769
0,0,0,0.0957835
0,0,0,0.09525623
0,0,0,0.09472694
0,0,0,0.09422588
0,0,0,0.09373774
0,0,0,0.09324986
0,0,0,0.09285104
0,0,0,0.09244334
0,0,0,0.09206479
0,0,0,0.09173273
0,0,0,0.09148365
0,0,0,0.09128316
0,0,0,0.09111486
0,0,0,0.09095917
0,0,0,0.09080654
0,0,0,0.09066459
0,0,0,0.09054125
0,0,0,0.0904057
0,0,0,0.0903029
0,0,0,0.09024177
0,0,0,0.09021448
0,0,0,0.09019204
0,0,0,0.09018462
0,0,0,0.09019405
0,0,0,0.0902143
0,0,0,0.09024691
0,0,0,0.09028905
0,0,0,0.09034735
0,0,0,0.09040206
0,0,0,0.09043741
0,0,0,0.09049224
0,0,0,0.09053764
0,0,0,0.09057616
0,0,0,0.09060848
0,0,0,0.09063917
0,0,0,0.09068407
0,0,0,0.09072449
0,0,0,0.09077253
0,0,0,0.09081855
0,0,0,0.09086901
0,0,0,0.09089322
0,0,0,0.09092487
0,0,0,0.09097131
0,0,0,0.09102312
0,0,0,0.0910803
0,0,0,0.09112982
0,0,0,0.09117275
0,0,0,0.09121521
0,0,0,0.09126139
0,0,0,0.09131722
0,0,0,0.091372
0,0,0,0.09142349
0,0,0,0.09146142
0,0,0,0.09149047
0,0,0,0.0915347
0,0,0,0.09156679
0,0,0,0.09160611
0,0,0,0.09164284
0,0,0,0.09169132
0,0,0,0.09173315
0,0,0,0.0917635
0,0,0,0.0917788
0,0,0,0.09178475
0,0,0,0.09179021
0,0,0,0.09180243
0,0,0,0.09181149
0,0,0,0.09180867
0,0,0,0.0918075
0,0,0,0.09181403
0,0,0,0.09182034
0,0,0,0.09177585
0,0,0,0.09173779
0,0,0,0.09172951
0,0,0,0.09172379
0,0,0,0.09172716
0,0,0,0.09172532
0,0,0,0.09171337
0,0,0,0.09169276
0,0,0,0.09165949
0,0,0,0.09161276
0,0,0,0.09155957
0,0,0,0.09150308
0,0,0,0.09145554
0,0,0,0.09141086
0,0,0,0.09136146
0,0,0,0.09132057
0,0,0,0.09125415
0,0,0,0.09117015
0,0,0,0.09107941
0,0,0,0.09097796
0,0,0,0.09085052
0,0,0,0.09067994
0,0,0,0.09045359
0,0,0,0.09020505
0,0,0,0.08992562
0,0,0,0.08960275
0,0,0,0.08927798
0,0,0,0.0889356
0,0,0,0.08860707
0,0,0,0.08824228
0,0,0,0.0879707
0,0,0,0.08763932
0,0,0,0.08728893
0,0,0,0.08695973
0,0,0,0.08667
0,0,0,0.08642813
0,0,0,0.08622245
0,0,0,0.08596735
0,0,0,0.08579703
0,0,0,0.08561738
0,0,0,0.08544787
0,0,0,0.08527331
0,0,0,0.08514758
0,0,0,0.08503827
0,0,0,0.08493369
0,0,0,0.08488192
0,0,0,0.08482429
0,0,0,0.08478845
0,0,0,0.08476168
0,0,0,0.08473681
0,0,0,0.08471246
0,0,0,0.08468146
0,0,0,0.0846599
0,0,0,0.08463761
0,0,0,0.08462728
0,0,0,0.08462671
0,0,0,0.08463693
0,0,0,0.08466123
0,0,0,0.08469355
0,0,0,0.08472996
0,0,0,0.08475562
0,0,0,0.08479113
0,0,0,0.08482404
0,0,0,0.08484871
0,0,0,0.08486905
0,0,0,0.08489385
0,0,0,0.08492627
0,0,0,0.08494448
0,0,0,0.08495316
0,0,0,0.08496039
0,0,0,0.08497097
0,0,0,0.08498332
0,0,0,0.08499127
0,0,0,0.08498714
0,0,0,0.08498191
0,0,0,0.0849803
0,0,0,0.08497883
0,0,0,0.08497716
0,0,0,0.08497397
0,0,0,0.08497047
0,0,0,0.08496433
0,0,0,0.08495633
0,0,0,0.08494889
0,0,0,0.08494303
0,0,0,0.08493971
0,0,0,0.08494087
0,0,0,0.08494101
0,0,0,0.08493529
0,0,0,0.08492532
0,0,0,0.0849088
0,0,0,0.08489601
0,0,0,0.08488379
0,0,0,0.08487444
0,0,0,0.08487001
0,0,0,0.08486981
0,0,0,0.08487316
0,0,0,0.08488022
0,0,0,0.08489647
0,0,0,0.08491015
0,0,0,0.08493204
0,0,0,0.08495565
0,0,0,0.08497994
0,0,0,0.08501316
0,0,0,0.08505359
0,0,0,0.08512298
0,0,0,0.08519151
0,0,0,0.08525427
0,0,0,0.08533251
0,0,0,0.08541638
0,0,0,0.08550858
0,0,0,0.08561305
0,0,0,0.0857264
0,0,0,0.08585817
0,0,0,0.08599737
0,0,0,0.08623178
0,0,0,0.08649895
0,0,0,0.08684062
0,0,0,0.08722574
0,0,0,0.0877827
0,0,0,0.08833991
0,0,0,0.08864006
0,0,0,0.08898601
0,0,0,0.08916413
0,0,0,0.08936759
0,0,0,0.08952006
0,0,0,0.08963409
0,0,0,0.08976374
0,0,0,0.08991162
0,0,0,0.09004076
0,0,0,0.0901444
0,0,0,0.09024388
0,0,0,0.09033292
0,0,0,0.09041041
0,0,0,0.09046765
0,0,0,0.0905237
0,0,0,0.09055989
0,0,0,0.09058794
0,0,0,0.09061638
0,0,0,0.09063654
0,0,0,0.09065397
0,0,0,0.09066274
0,0,0,0.09066536
0,0,0,0.09065109
0,0,0,0.09062814
0,0,0,0.09060958
0,0,0,0.09058882
0,0,0,0.09056959
0,0,0,0.09054582
0,0,0,0.0905224
0,0,0,0.09051494
0,0,0,0.09052124
0,0,0,0.09053668
0,0,0,0.09055382
0,0,0,0.09057636
0,0,0,0.09059873
0,0,0,0.09062622
0,0,0,0.09065079
0,0,0,0.09068091
0,0,0,0.09071492
0,0,0,0.0907492
0,0,0,0.09078761
0,0,0,0.09081688
0,0,0,0.09086702
0,0,0,0.09089445
0,0,0,0.09094778
0,0,0,0.09097111
0,0,0,0.09101027
0,0,0,0.09103879
0,0,0,0.09106033
0,0,0,0.09107454
0,0,0,0.09108268
0,0,0,0.09108876
0,0,0,0.09109171
0,0,0,0.09110119
0,0,0,0.09111079
0,0,0,0.09111458
0,0,0,0.09110788
0,0,0,0.09109445
0,0,0,0.09106454
0,0,0,0.09102096
0,0,0,0.09099182
0,0,0,0.09095707
0,0,0,0.09092057
0,0,0,0.09087855
0,0,0,0.09083171
0,0,0,0.09076851
0,0,0,0.09069806
0,0,0,0.09063859
0,0,0,0.09060613
0,0,0,0.09056824
0,0,0,0.09052977
0,0,0,0.09049284
0,0,0,0.09046178
0,0,0,0.09042628
0,0,0,0.09038824
0,0,0,0.09037416
0,0,0,0.09035885
0,0,0,0.09033876
0,0,0,0.09032404
0,0,0,0.0903156
0,0,0,0.09032492
0,0,0,0.09034227
0,0,0,0.09035897
0,0,0,0.09037321
0,0,0,0.09039634
0,0,0,0.09043369
0,0,0,0.09046759
0,0,0,0.09051957
0,0,0,0.09056056
0,0,0,0.09062069
0,0,0,0.09066448
0,0,0,0.0907084
0,0,0,0.09073942
0,0,0,0.09076584
0,0,0,0.0907894
0,0,0,0.09080669
0,0,0,0.09082139
0,0,0,0.0908413
0,0,0,0.09085348
0,0,0,0.09085201
0,0,0,0.09085088
0,0,0,0.09084453
0,0,0,0.09083094
0,0,0,0.09082031
0,0,0,0.09081351
0,0,0,0.0908111
0,0,0,0.09081437
0,0,0,0.09081686
0,0,0,0.09082074
0,0,0,0.09083061
0,0,0,0.09084534
0,0,0,0.09088174
0,0,0,0.09090815
0,0,0,0.0909474
0,0,0,0.09098371
0,0,0,0.09101751
0,0,0,0.09105061
0,0,0,0.09108837
0,0,0,0.09110884
0,0,0,0.09113883
0,0,0,0.09116488
0,0,0,0.09121597
0,0,0,0.09129775
0,0,0,0.09139393
0,0,0,0.09150189
0,0,0,0.09164783
0,0,0,0.09181548
0,0,0,0.09208627
0,0,0,0.0923677
0,0,0,0.09263389
0,0,0,0.0929441
0,0,0,0.09327191
0,0,0,0.09350201
0,0,0,0.09377684
0,0,0,0.09399403
0,0,0,0.09415888
0,0,0,0.0943315
0,0,0,0.09449958
0,0,0,0.09466903
0,0,0,0.09479424
0,0,0,0.09488305
0,0,0,0.09496472
0,0,0,0.09503116
0,0,0,0.09507591
0,0,0,0.09509446
0,0,0,0.09509676
0,0,0,0.09509315
0,0,0,0.09510132
0,0,0,0.09511127
0,0,0,0.09512334
0,0,0,0.09512568
0,0,0,0.09512315
0,0,0,0.09511842
0,0,0,0.09511787
0,0,0,0.09511551
0,0,0,0.09511357
0,0,0,0.09511276
0,0,0,0.09511524
0,0,0,0.09512728
0,0,0,0.09514312
0,0,0,0.09516134
0,0,0,0.09516931
0,0,0,0.09517282
0,0,0,0.09517358
0,0,0,0.09517171
0,0,0,0.09516796
0,0,0,0.09516464
0,0,0,0.09516133
0,0,0,0.09516126
0,0,0,0.09516397
0,0,0,0.09516945
0,0,0,0.09517267
0,0,0,0.09517831
0,0,0,0.09518522
0,0,0,0.09519417
0,0,0,0.09520764
0,0,0,0.09522344
0,0,0,0.09523978
0,0,0,0.09525401
0,0,0,0.09528288
0,0,0,0.09529772
0,0,0,0.09532141
0,0,0,0.09535729
0,0,0,0.09540894
0,0,0,0.09545555
0,0,0,0.09551084
0,0,0,0.09556782
0,0,0,0.09563196
0,0,0,0.09570598
0,0,0,0.09578163
0,0,0,0.09584578
0,0,0,0.09591313
0,0,0,0.09599768
0,0,0,0.09609111
0,0,0,0.09620217
0,0,0,0.09628845
0,0,0,0.09640031
0,0,0,0.09652123
0,0,0,0.09665354
0,0,0,0.09678946
0,0,0,0.09693549
0,0,0,0.0970948
0,0,0,0.0972551
0,0,0,0.09740489
0,0,0,0.097571
0,0,0,0.09773487
0,0,0,0.09788657
0,0,0,0.09800498
0,0,0,0.09816153
0,0,0,0.0983114
0,0,0,0.09839389
0,0,0,0.09849871
0,0,0,0.0986029
0,0,0,0.0987009
0,0,0,0.09880077
0,0,0,0.09887546
0,0,0,0.09895382
0,0,0,0.0990242
0,0,0,0.09909641
0,0,0,0.09915304
0,0,0,0.09924787
0,0,0,0.09930439
0,0,0,0.09936207
0,0,0,0.09941725
0,0,0,0.09947791
0,0,0,0.09952366
0,0,0,0.09958216
0,0,0,0.0996445
0,0,0,0.09969883
0,0,0,0.09975229
0,0,0,0.09981204
0,0,0,0.09988035
0,0,0,0.09993824
0,0,0,0.0999978
0,0,0,0.1000592
0,0,0,0.1001103
0,0,0,0.1001592
0,0,0,0.1002071
0,0,0,0.1002701
0,0,0,0.1003359
0,0,0,0.100375
0,0,0,0.100418
0,0,0,0.1004482
0,0,0,0.1004761
0,0,0,0.1005166
0,0,0,0.1005424
0,0,0,0.100567
0,0,0,0.1005961
0,0,0,0.1006293
0,0,0,0.1006668
0,0,0,0.1007065
0,0,0,0.1007462
0,0,0,0.1007898
0,0,0,0.1008302
0,0,0,0.100904
0,0,0,0.1009558
0,0,0,0.1010109
0,0,0,0.1010483
0,0,0,0.1010776
0,0,0,0.1011204
0,0,0,0.1011561
0,0,0,0.10118
0,0,0,0.1011912
0,0,0,0.1011976
0,0,0,0.101204
0,0,0,0.1012117
0,0,0,0.1012217
0,0,0,0.1012309
0,0,0,0.1012342
0,0,0,0.1012384
0,0,0,0.1012484
0,0,0,0.1012715
0,0,0,0.1013099
0,0,0,0.101353
0,0,0,0.1013797
0,0,0,0.1014208
0,0,0,0.1014705
0,0,0,0.101526
0,0,0,0.1015916
0,0,0,0.1016641
0,0,0,0.1017317
0,0,0,0.1017816
0,0,0,0.1018357
0,0,0,0.1018955
0,0,0,0.1019593
0,0,0,0.1019966
0,0,0,0.1020553
0,0,0,0.1020983
0,0,0,0.102159
0,0,0,0.1022274
0,0,0,0.1023083
0,0,0,0.1024061
0,0,0,0.1025252
0,0,0,0.1026561
0,0,0,0.1028089
0,0,0,0.1029975
0,0,0,0.1032077
0,0,0,0.1034391
0,0,0,0.1036927
0,0,0,0.1039997
0,0,0,0.1042351
0,0,0,0.1045099
0,0,0,0.1047985
0,0,0,0.1050965
0,0,0,0.1053838
0,0,0,0.1056813
0,0,0,0.1059683
0,0,0,0.1061948
0,0,0,0.1064018
0,0,0,0.1065593
0,0,0,0.106742
0,0,0,0.1068773
0,0,0,0.1069999
0,0,0,0.1071377
0,0.214639,0,0.214639
0,0.2148145,0,0.2148145
0,0.2150511,0,0.2150511
0,0.2152251,0,0.2152251
0,0.2154167,0,0.2154167
0,0.2155933,0,0.2155933
0,0.2157888,0,0.2157888
0,0.2160189,0,0.2160189
0,0.2162601,0,0.2162601
0,0.2165239,0,0.2165239
0,0.2168357,0,0.2168357
0,0.2171838,0,0.2171838
0,0.2175248,0,0.2175248
0,0.2178394,0,0.2178394
0,0.2181754,0,0.2181754
0,0.2185644,0,0.2185644
0,0.218841,0,0.218841
0,0.2190749,0,0.2190749
0,0.2194142,0,0.2194142
0,0.219726,0,0.219726
0,0.2200452,0,0.2200452
0,0.2203371,0,0.2203371
0,0.2206006,0,0.2206006
0,0.2208219,0,0.2208219
0,0.2211127,0,0.2211127
0,0.2213485,0,0.2213485
0,0.221535,0,0.221535
0,0.2217573,0,0.2217573
0,0.221963,0,0.221963
0,0.2221656,0,0.2221656
0,0.2223276,0,0.2223276
0,0.2224429,0,0.2224429
0,0.2226657,0,0.2226657
0,0.2228823,0,0.2228823
0,0.2231007,0,0.2231007
0,0.2233259,0,0.2233259
0,0.2234856,0,0.2234856
0,0.223682,0,0.223682
0,0.2238697,0,0.2238697
0,0.2240552,0,0.2240552
0,0.2242347,0,0.2242347
0,0.2243748,0,0.2243748
0,0.2245173,0,0.2245173
0,0.224653,0,0.224653
0,0.2247837,0,0.2247837
0,0.2249432,0,0.2249432
0,0.2250869,0,0.2250869
0,0.2252466,0,0.2252466
0,0.2249327,0,0.2249327
0,0.2244977,0,0.2244977
0,0.2240491,0,0.2240491
0,0.2241489,0,0.2241489
0,0.2242365,0,0.2242365
0,0.2241011,0,0.2241011
0,0.2239704,0,0.2239704
0,0.2238943,0,0.2238943
0,0.2239765,0,0.2239765
0,0.2240398,0,0.2240398
0,0.2241036,0,0.2241036
0,0.2241751,0,0.2241751
0,0.2242028,0,0.2242028
0,0.2242118,0,0.2242118
0,0.2242149,0,0.2242149
0,0.2242274,0,0.2242274
0,0.224208,0,0.224208
0,0.2241859,0,0.2241859
0,0.2241571,0,0.2241571
0,0.2241609,0,0.2241609
0,0.224182,0,0.224182
0,0.2241883,0,0.2241883
0,0.2241635,0,0.2241635
0,0.2241521,0,0.2241521
0,0.2242277,0,0.2242277
0,0.2243183,0,0.2243183
0,0.2243948,0,0.2243948
0,0.2244528,0,0.2244528
0,0.224489,0,0.224489
0,0.2244819,0,0.2244819
0,0.2244503,0,0.2244503
0,0.2243861,0,0.2243861
0,0.2242909,0,0.2242909
0,0.2242136,0,0.2242136
0,0.224105,0,0.224105
0,0.2239846,0,0.2239846
0,0.2237503,0,0.2237503
0,0.2234835,0,0.2234835
0,0.2232843,0,0.2232843
0,0.223241,0,0.223241
0,0.223215,0,0.223215
0,0.2231964,0,0.2231964
0,0.223256,0,0.223256
0,0.2234076,0,0.2234076
0,0.2236012,0,0.2236012
0,0.2237394,0,0.2237394
0,0.2237598,0,0.2237598
0,0.223755,0,0.223755
0,0.223729,0,0.223729
0,0.2236981,0,0.2236981
0,0.2237929,0,0.2237929
0,0.2240426,0,0.2240426
0,0.2243001,0,0.2243001
0,0.2244896,0,0.2244896
0,0.2247053,0,0.2247053
0,0.2248358,0,0.2248358
0,0.224905,0,0.224905
0,0.2249746,0,0.2249746
0,0.225022,0,0.225022
0,0.2250829,0,0.2250829
0,0.225103,0,0.225103
0,0.2251058,0,0.2251058
0,0.225087,0,0.225087
0,0.2250481,0,0.2250481
0,0.2249719,0,0.2249719
0,0.224829,0,0.224829
0,0.2246687,0,0.2246687
0,0.2246237,0,0.2246237
0,0.2246593,0,0.2246593
0,0.2246877,0,0.2246877
0,0.2246145,0,0.2246145
0,0.2245338,0,0.2245338
0,0.2244621,0,0.2244621
0,0.2244088,0,0.2244088
0,0.2243888,0,0.2243888
0,0.2243988,0,0.2243988
0,0.2244373,0,0.2244373
0,0.2244933,0,0.2244933
0,0.2245754,0,0.2245754
0,0.2248076,0,0.2248076
0,0.2251125,0,0.2251125
0,0.2253491,0,0.2253491
0,0.225395,0,0.225395
0,0.2254305,0,0.2254305
0,0.2254996,0,0.2254996
0,0.2255805,0,0.2255805
0,0.2256498,0,0.2256498
0,0.2256936,0,0.2256936
0,0.2257208,0,0.2257208
0,0.2257395,0,0.2257395
0,0.2257703,0,0.2257703
0,0.2258064,0,0.2258064
0,0.2258766,0,0.2258766
0,0.2260007,0,0.2260007
0,0.2261576,0,0.2261576
0,0.2264241,0,0.2264241
0,0.2266922,0,0.2266922
0,0.2269936,0,0.2269936
0,0.2273819,0,0.2273819
0,0.2279,0,0.2279
0,0.2286499,0,0.2286499
0,0.2297667,0,0.2297667
0,0.115614,0,0
0,0.1161146,0,0
0,0.1166607,0,0
0,0.1171614,0,0
0,0.1175977,0,0
0,0.1179698,0,0
0,0.1182941,0,0
0,0.1184728,0,0
0,0.1185946,0,0
0,0.1186937,0,0
0,0.1188449,0,0
0,0.1188422,0,0
0,0.1189144,0,0
0,0.1190064,0,0
0,0.1191157,0,0
0,0.1192222,0,0
0,0.119337,0,0
0,0.119455,0,0
0,0.119612,0,0
0,0.1197886,0,0
0,0.1199728,0,0
0,0.1201647,0,0
0,0.1203437,0,0
0,0.1205008,0,0
0,0.1206181,0,0
0,0.1207887,0,0
0,0.1209276,0,0
0,0.1210376,0,0
0,0.1211069,0,0
0,0.1211938,0,0
0,0.1213596,0,0
0,0.1214294,0,0
0,0.1214803,0,0
0,0.1215165,0,0
0,0.1215631,0,0
0,0.1216235,0,0
0,0.1216903,0,0
0,0.1217505,0,0
0,0.1218041,0,0
0,0.1218378,0,0
0,0.1218489,0,0
0,0.1218532,0,0
0,0.121846,0,0
0,0.1218346,0,0
0,0.1218254,0,0
0,0.1218145,0,0
0,0.1218188,0,0
0,0.1218837,0,0
0,0.1219556,0,0
0,0.1220006,0,0
0,0.122038,0,0
0,0.1220612,0,0
0,0.1220657,0,0
0,0.1220699,0,0
0,0.1220725,0,0
0,0.1220763,0,0
0,0.1221313,0,0
0,0.122216,0,0
0,0.122278,0,0
0,0.1222748,0,0
0,0.1222637,0,0
0,0.1222529,0,0
0,0.1222376,0,0
0,0.1222321,0,0
0,0.1222414,0,0
0,0.1222548,0,0
0,0.1222792,0,0
0,0.1222974,0,0
0,0.1222985,0,0
0,0.1222988,0,0
0,0.1223052,0,0
0,0.12232,0,0
0,0.1223296,0,0
0,0.1223366,0,0
0,0.1223428,0,0
0,0.1223455,0,0
0,0.1223483,0,0
0,0.1223515,0,0
0,0.1223651,0,0
0,0.1223903,0,0
0,0.1224427,0,0
0,0.1224955,0,0
0,0.122535,0,0
0,0.1225601,0,0
0,0.1225668,0,0
0,0.1225588,0,0
0,0.1225591,0,0
0,0.1225721,0,0
0,0.1225935,0,0
0,0.1226087,0,0
0,0.1226141,0,0
0,0.1226163,0,0
0,0.1226282,0,0
0,0.1226393,0,0
0,0.1226581,0,0
0,0.1226793,0,0
0,0.1226963,0,0
0,0.1226878,0,0
0,0.1226727,0,0
0,0.1226629,0,0
0,0.1226572,0,0
0,0.122659,0,0
0,0.1226645,0,0
0,0.1226662,0,0
0,0.1226644,0,0
0,0.1226354,0,0
0,0.1226131,0,0
0,0.1225994,0,0
0,0.1225885,0,0
0,0.122536,0,0
0,0.1224812,0,0
0,0.1224213,0,0
0,0.1223327,0,0
0,0.1221694,0,0
0,0.1219148,0,0
0,0.1216098,0,0
0,0.1214603,0,0
0,0.1213617,0,0
0,0.1212539,0,0
0,0.1211151,0,0
0,0.2420959,0,0.2420959
0,0.2420756,0,0.2420756
0,0.2420268,0,0.2420268
0,0.2418936,0,0.2418936
0,0.2417612,0,0.2417612
0,0.2417204,0,0.2417204
0,0.2417477,0,0.2417477
0,0.2418218,0,0.2418218
0,0.2419144,0,0.2419144
0,0.2420157,0,0.2420157
0,0.2422355,0,0.2422355
0,0.2424912,0,0.2424912
0,0.2427156,0,0.2427156
0,0.2427665,0,0.2427665
0,0.24282,0,0.24282
0,0.2429365,0,0.2429365
0,0.243016,0,0.243016
0,0.2431095,0,0.2431095
0,0.2431333,0,0.2431333
0,0.2431324,0,0.2431324
0,0.2431133,0,0.2431133
0,0.2430709,0,0.2430709
0,0.2430582,0,0.2430582
0,0.2430869,0,0.2430869
0,0.2431033,0,0.2431033
0,0.2429743,0,0.2429743
0,0.2428298,0,0.2428298
0,0.2427484,0,0.2427484
0,0.2427126,0,0.2427126
0,0.2426814,0,0.2426814
0,0.2426605,0,0.2426605
0,0.2426572,0,0.2426572
0,0.2426531,0,0.2426531
0,0.2426574,0,0.2426574
0,0.2426303,0,0.2426303
0,0.2425845,0,0.2425845
0,0.2425262,0,0.2425262
0,0.2424528,0,0.2424528
0,0.2423937,0,0.2423937
0,0.2423234,0,0.2423234
0,0.2422716,0,0.2422716
0,0.2422011,0,0.2422011
0,0.2421428,0,0.2421428
0,0.2420856,0,0.2420856
0,0.2420514,0,0.2420514
0,0.2420007,0,0.2420007
0,0.2419356,0,0.2419356
0,0.2418659,0,0.2418659
0,0.2417771,0,0.2417771
0,0.2416937,0,0.2416937
0,0.2416188,0,0.2416188
0,0.2414557,0,0.2414557
0,0.2413128,0,0.2413128
0,0.2411345,0,0.2411345
0,0.2409107,0,0.2409107
0,0.240731,0,0.240731
0,0.2406411,0,0.2406411
0,0.2405718,0,0.2405718
0,0.2404196,0,0.2404196
0,0.2402253,0,0.2402253
0,0.2400442,0,0.2400442
0,0.2399955,0,0.2399955
0,0.239948,0,0.239948
0,0.2397711,0,0.2397711
0,0.239495,0,0.239495
0,0.2392316,0,0.2392316
0,0.238998,0,0.238998
0,0.2387603,0,0.2387603
0,0.2385998,0,0.2385998
0,0.2383889,0,0.2383889
0,0.238081,0,0.238081
0,0.2378089,0,0.2378089
0,0.2374052,0,0.2374052
0,0.2366857,0,0.2366857
0,0.2358008,0,0.2358008
0,0.2338358,0,0.2338358
0,0.2312134,0,0.2312134
0,0,0,0.1144868
0,0,0,0.1135636
0,0,0,0.1131398
0,0,0,0.1130469
0,0,0,0.1130602
0,0,0,0.1130497
0,0,0,0.1129155
0,0,0,0.1126975
0,0,0,0.1124256
0,0,0,0.1122206
0,0,0,0.1120318
0,0,0,0.1118561
0,0,0,0.1117254
0,0,0,0.1115818
0,0,0,0.1114791
0,0,0,0.111379
0,0,0,0.1112461
0,0,0,0.1111479
0,0,0,0.1110631
0,0,0,0.1109458
0,0,0,0.1107782
0,0,0,0.1105861
0,0,0,0.1104872
0,0,0,0.1103929
0,0,0,0.1103024
0,0,0,0.110201
0,0,0,0.1101093
0,0,0,0.1100378
0,0,0,0.1099538
0,0,0,0.1098766
0,0,0,0.1097798
0,0,0,0.1096682
0,0,0,0.1095666
0,0,0,0.1094821
0,0,0,0.1094094
0,0,0,0.1093452
0,0,0,0.1092887
0,0,0,0.1092356
0,0,0,0.1091794
0,0,0,0.1091192
0,0,0,0.1090663
0,0,0,0.1089832
0,0,0,0.1089205
0,0,0,0.1088538
0,0,0,0.108813
0,0,0,0.108762
0,0,0,0.1087143
0,0,0,0.1086712
0,0,0,0.108645
0,0,0,0.1086178
0,0,0,0.1085879
0,0,0,0.1085621
0,0,0,0.1085419
0,0,0,0.1085104
0,0,0,0.1084855
0,0,0,0.108461
0,0,0,0.1084183
0,0,0,0.1083676
0,0,0,0.1083074
0,0,0,0.1082817
0,0,0,0.1082523
0,0,0,0.1082293
0,0,0,0.1082126
0,0,0,0.1081933
0,0,0,0.1081572
0,0,0,0.1081099
0,0,0,0.1080686
0,0,0,0.1080407
0,0,0,0.1080242
0,0,0,0.1080161
0,0,0,0.1080057
0,0,0,0.1079945
0,0,0,0.1079727
0,0,0,0.1079478
0,0,0,0.107933
0,0,0,0.1079297
0,0,0,0.1079434
0,0,0,0.1079971
0,0,0,0.1080913
0,0,0,0.1082578
0,0,0,0.1084331
0,0,0,0.1086155
0,0,0,0.108897
0,0.2183616,0,0.2183616
0,0.2192069,0,0.2192069
0,0.2199227,0,0.2199227
0,0.2201674,0,0.2201674
0,0.2202301,0,0.2202301
0,0.220219,0,0.220219
0,0.2201637,0,0.2201637
0,0.220102,0,0.220102
0,0.2200328,0,0.2200328
0,0.2199071,0,0.2199071
0,0.219826,0,0.219826
0,0.2198203,0,0.2198203
0,0.2198377,0,0.2198377
0,0.2198722,0,0.2198722
0,0.2199194,0,0.2199194
0,0.2199744,0,0.2199744
0,0.2200363,0,0.2200363
0,0.2201353,0,0.2201353
0,0.2205868,0,0.2205868
0,0.2210563,0,0.2210563
0,0.2217554,0,0.2217554
0,0.2221269,0,0.2221269
0,0.2223171,0,0.2223171
0,0.2223961,0,0.2223961
0,0.2224394,0,0.2224394
0,0.2225298,0,0.2225298
0,0.2226693,0,0.2226693
0,0.222771,0,0.222771
0,0.2228532,0,0.2228532
0,0.2228947,0,0.2228947
0,0.222868,0,0.222868
0,0.2227602,0,0.2227602
0,0.2226191,0,0.2226191
0,0.2224824,0,0.2224824
0,0.2223228,0,0.2223228
0,0.222078,0,0.222078
0,0.2219255,0,0.2219255
0,0.2217912,0,0.2217912
0,0.2217107,0,0.2217107
0,0.2216484,0,0.2216484
0,0.2216275,0,0.2216275
0,0.2215998,0,0.2215998
0,0.2215645,0,0.2215645
0,0.2215274,0,0.2215274
0,0.2215057,0,0.2215057
0,0.2214974,0,0.2214974
0,0.2215002,0,0.2215002
0,0.2215081,0,0.2215081
0,0.2215126,0,0.2215126
0,0.2215313,0,0.2215313
0,0.2215482,0,0.2215482
0,0.2215521,0,0.2215521
0,0.1107679,0,0
0,0.1107525,0,0
0,0.1107442,0,0
0,0.1107409,0,0
0,0.1107855,0,0
0,0.1108671,0,0
0,0.1109338,0,0
0,0.1109963,0,0
0,0.1110406,0,0
0,0.1110573,0,0
0,0.1110647,0,0
0,0.1110758,0,0
0,0.111093,0,0
0,0.1111253,0,0
0,0.1111374,0,0
0,0.1111533,0,0
0,0.1111771,0,0
0,0.1111905,0,0
0,0.1111984,0,0
0,0.1111947,0,0
0,0.1111838,0,0
0,0.1111409,0,0
0,0.1110905,0,0
0,0.1110395,0,0
0,0.1109885,0,0
0,0.1109367,0,0
0,0.1108881,0,0
0,0.1108397,0,0
0,0.1107961,0,0
0,0.1107657,0,0
0,0.110733,0,0
0,0.1107052,0,0
0,0.1106773,0,0
0,0.1106494,0,0
0,0.1106221,0,0
0,0.1105649,0,0
0,0.1104979,0,0
0,0.1104425,0,0
0,0.1103715,0,0
0,0.1103233,0,0
0,0.1102823,0,0
0,0.1102531,0,0
0,0.1102149,0,0
0,0.1101558,0,0
0,0.1101239,0,0
0,0.1100838,0,0
0,0.1100419,0,0
0,0.1099996,0,0
0,0.109958,0,0
0,0.1099195,0,0
0,0.109885,0,0
0,0.1098545,0,0
0,0.1098229,0,0
0,0.1097988,0,0
0,0.1097924,0,0
0,0.1098096,0,0
0,0.109829,0,0
0,0.1098423,0,0
0,0.1098619,0,0
0,0.1098189,0,0
0,0.1097674,0,0
0,0.1097332,0,0
0,0.109741,0,0
0,0.1097528,0,0
0,0.109762,0,0
0,0.1097914,0,0
0,0.1098248,0,0
0,0.1098624,0,0
0,0.1099174,0,0
0,0.1100121,0,0
0,0.1100886,0,0
0,0.11014,0,0
0,0.1101645,0,0
0,0.1101938,0,0
0,0.1102532,0,0
0,0.1102879,0,0
0,0.110308,0,0
0,0.110318,0,0
0,0.1103039,0,0
0,0.1102827,0,0
0,0.1102695,0,0
0,0.1102963,0,0
0,0.1103295,0,0
0,0.1103643,0,0
0,0.1104006,0,0
0,0.11029,0,0
0,0.1099805,0,0
0,0.1097178,0,0
0,0.1096509,0,0
0,0.1096534,0,0
0,0.1096527,0,0
0,0.1096669,0,0
0,0.1096832,0,0
0,0.1096837,0,0
0,0.1096828,0,0
0,0.1096852,0,0
0,0.1096904,0,0
0,0.1096919,0,0
0,0.1097187,0,0
0,0.1097344,0,0
0,0.1097372,0,0
0,0.10974,0,0
0,0.1097311,0,0
0,0.1097118,0,0
0,0.1096886,0,0
0,0.1096663,0,0
0,0.1096203,0,0
0,0.1095627,0,0
0,0.1095166,0,0
0,0.1094852,0,0
0,0.1094592,0,0
0,0.1094412,0,0
0,0.2187896,0,0.2187896
0,0.2186884,0,0.2186884
0,0.2185733,0,0.2185733
0,0.2184601,0,0.2184601
0,0.2183729,0,0.2183729
0,0.2183994,0,0.2183994
0,0.2184321,0,0.2184321
0,0.2184302,0,0.2184302
0,0.2184265,0,0.2184265
0,0.2183497,0,0.2183497
0,0.2181141,0,0.2181141
0,0.2178391,0,0.2178391
0,0.2177974,0,0.2177974
0,0.2177467,0,0.2177467
0,0.2176348,0,0.2176348
0,0.2174786,0,0.2174786
0,0.2172791,0,0.2172791
0,0.2171407,0,0.2171407
0,0.2169835,0,0.2169835
0,0.2167984,0,0.2167984
0,0.2166131,0,0.2166131
0,0.2163652,0,0.2163652
0,0.2161925,0,0.2161925
0,0.2160122,0,0.2160122
0,0.21589,0,0.21589
0,0.2157877,0,0.2157877
0,0.2158001,0,0.2158001
0,0.2158828,0,0.2158828
0,0.2159137,0,0.2159137
0,0.2158566,0,0.2158566
0,0.215787,0,0.215787
0,0.2157289,0,0.2157289
0,0.2156732,0,0.2156732
0,0.2155932,0,0.2155932
0,0.2155114,0,0.2155114
0,0.2153868,0,0.2153868
0,0.2152003,0,0.2152003
0,0.215085,0,0.215085
0,0.2149073,0,0.2149073
0,0.2147387,0,0.2147387
0,0.2145794,0,0.2145794
0,0.2144447,0,0.2144447
0,0.2143303,0,0.2143303
0,0.2142422,0,0.2142422
0,0.2141722,0,0.2141722
0,0.2141201,0,0.2141201
0,0.2140882,0,0.2140882
0,0.21406,0,0.21406
0,0.2140424,0,0.2140424
0,0.2140108,0,0.2140108
0,0.2139748,0,0.2139748
0,0.2139357,0,0.2139357
0,0.2138569,0,0.2138569
0,0.2137255,0,0.2137255
0,0.2136187,0,0.2136187
0,0.2135521,0,0.2135521
0,0.213487,0,0.213487
0,0.2134224,0,0.2134224
0,0.2133451,0,0.2133451
0,0.2132888,0,0.2132888
0,0.2132363,0,0.2132363
0,0.2131836,0,0.2131836
0,0.2131157,0,0.2131157
0,0.2130292,0,0.2130292
0,0.2129336,0,0.2129336
0,0.2128297,0,0.2128297
0,0.2126843,0,0.2126843
0,0.2126416,0,0.2126416
0,0.2125919,0,0.2125919
0,0.2125236,0,0.2125236
0,0.212437,0,0.212437
0,0.2123663,0,0.2123663
0,0.2123429,0,0.2123429
0,0.2123208,0,0.2123208
0,0.2122972,0,0.2122972
0,0.212269,0,0.212269
0,0.2122342,0,0.2122342
0,0.2121688,0,0.2121688
0,0.212102,0,0.212102
0,0.2122171,0,0.2122171
0,0.2123561,0,0.2123561
0,0.2124288,0,0.2124288
0,0.2123882,0,0.2123882
0,0.2123423,0,0.2123423
0,0.2123191,0,0.2123191
0,0.2122995,0,0.2122995
0,0.2123159,0,0.2123159
0,0.2122985,0,0.2122985
0,0.2123043,0,0.2123043
0,0.2124245,0,0.2124245
0,0.2125423,0,0.2125423
0,0.2125558,0,0.2125558
0,0.2125201,0,0.2125201
0,0.2124806,0,0.2124806
0,0.2124228,0,0.2124228
0,0.2123731,0,0.2123731
0,0.2124042,0,0.2124042
0,0.2124263,0,0.2124263
0,0.2124184,0,0.2124184
0,0.2123875,0,0.2123875
0,0.2124432,0,0.2124432
0,0.212578,0,0.212578
0,0.2127579,0,0.2127579
0,0.2127776,0,0.2127776
0,0.2128117,0,0.2128117
0,0.2128421,0,0.2128421
0,0.2128714,0,0.2128714
0,0.2129058,0,0.2129058
0,0.2129201,0,0.2129201
0,0.2129327,0,0.2129327
0,0.2129786,0,0.2129786
0,0.2130421,0,0.2130421
0,0.2130599,0,0.2130599
0,0.2130619,0,0.2130619
0,0.2130665,0,0.2130665
0,0.2131268,0,0.2131268
0,0.213181,0,0.213181
0,0.2132015,0,0.2132015
0,0.2132167,0,0.2132167
0,0.213254,0,0.213254
0,0.2133173,0,0.2133173
0,0.213378,0,0.213378
0,0.2134292,0,0.2134292
0,0.2134924,0,0.2134924
0,0.2135639,0,0.2135639
0,0.2136382,0,0.2136382
0,0.2137007,0,0.2137007
0,0.2137435,0,0.2137435
0,0.2138144,0,0.2138144
0,0.2138741,0,0.2138741
0,0.2139199,0,0.2139199
0,0.2139706,0,0.2139706
0,0.2140662,0,0.2140662
0,0.2141638,0,0.2141638
0,0.2142136,0,0.2142136
0,0.2142882,0,0.2142882
0,0.2143246,0,0.2143246
0,0.2143761,0,0.2143761
0,0.2144523,0,0.2144523
0,0.2146406,0,0.2146406
0,0.2148132,0,0.2148132
0,0.2149764,0,0.2149764
0,0.2150868,0,0.2150868
0,0.2152688,0,0.2152688
0,0.2154392,0,0.2154392
0,0.2155606,0,0.2155606
0,0.2156387,0,0.2156387
0,0.2156997,0,0.2156997
0,0.2157708,0,0.2157708
0,0.2158836,0,0.2158836
0,0.2159402,0,0.2159402
0,0.2159993,0,0.2159993
0,0.2160788,0,0.2160788
0,0.2161934,0,0.2161934
0,0.2163066,0,0.2163066
0,0.2163477,0,0.2163477
0,0.2163186,0,0.2163186
0,0.2163142,0,0.2163142
0,0.2163575,0,0.2163575
0,0.216374,0,0.216374
0,0.2163764,0,0.2163764
0,0.2163845,0,0.2163845
0,0.2163827,0,0.2163827
0,0.2163835,0,0.2163835
0,0.216352,0,0.216352
0,0.2163038,0,0.2163038
0,0.2162531,0,0.2162531
0,0.2161757,0,0.2161757
0,0.2162159,0,0.2162159
0,0.2162222,0,0.2162222
0,0.2161844,0,0.2161844
0,0.2161394,0,0.2161394
0,0.2160775,0,0.2160775
0,0.2160117,0,0.2160117
0,0.2159265,0,0.2159265
0,0.2158819,0,0.2158819
0,0.2158365,0,0.2158365
0,0.2158031,0,0.2158031
0,0.2157902,0,0.2157902
0,0.2157476,0,0.2157476
0,0.2157189,0,0.2157189
0,0.215693,0,0.215693
0,0.2156906,0,0.2156906
0,0.2157155,0,0.2157155
0,0.2158487,0,0.2158487
0,0.2160319,0,0.2160319
0,0.2162007,0,0.2162007
0,0.2162524,0,0.2162524
0,0.2162971,0,0.2162971
0,0.2163587,0,0.2163587
0,0.2164289,0,0.2164289
0,0.2164517,0,0.2164517
0,0.2164329,0,0.2164329
0,0.216426,0,0.216426
0,0.2164943,0,0.2164943
0,0.2165557,0,0.2165557
0,0.216573,0,0.216573
0,0.2165749,0,0.2165749
0,0.2166065,0,0.2166065
0,0.2166284,0,0.2166284
0,0.2166678,0,0.2166678
0,0.2167804,0,0.2167804
0,0.2168878,0,0.2168878
0,0.2170419,0,0.2170419
0,0.2171939,0,0.2171939
0,0.2173272,0,0.2173272
0,0.2173899,0,0.2173899
0,0.2174313,0,0.2174313
0,0.2175378,0,0.2175378
0,0.2176667,0,0.2176667
0,0.2177653,0,0.2177653
0,0.2177936,0,0.2177936
0,0.2178105,0,0.2178105
0,0.2179069,0,0.2179069
0,0.2179988,0,0.2179988
0,0.218083,0,0.218083
0,0.2180939,0,0.2180939
0,0.2181025,0,0.2181025
0,0.2181151,0,0.2181151
0,0.2181529,0,0.2181529
0,0.218287,0,0.218287
0,0.2184995,0,0.2184995
0,0.2186739,0,0.2186739
0,0.2186615,0,0.2186615
0,0.2186309,0,0.2186309
0,0.2186256,0,0.2186256
0,0.2186272,0,0.2186272
0,0.2186256,0,0.2186256
0,0.2186282,0,0.2186282
0,0.2186389,0,0.2186389
0,0.2186908,0,0.2186908
0,0.2187629,0,0.2187629
0,0.2187969,0,0.2187969
0,0.2188512,0,0.2188512
0,0.218903,0,0.218903
0,0.2189737,0,0.2189737
0,0.2190443,0,0.2190443
0,0.2191115,0,0.2191115
0,0.2191768,0,0.2191768
0,0.2192393,0,0.2192393
0,0.2193255,0,0.2193255
0,0.2194089,0,0.2194089
0,0.2194437,0,0.2194437
0,0.2194628,0,0.2194628
0,0.2194948,0,0.2194948
0,0.2195711,0,0.2195711
0,0.2196319,0,0.2196319
0,0.2196792,0,0.2196792
0,0.219726,0,0.219726
0,0.2198121,0,0.2198121
0,0.219897,0,0.219897
0,0.2199909,0,0.2199909
0,0.2200585,0,0.2200585
0,0.2201287,0,0.2201287
0,0.2201823,0,0.2201823
0,0.2202356,0,0.2202356
0,0.220334,0,0.220334
0,0.2204449,0,0.2204449
0,0.2205371,0,0.2205371
0,0.2205937,0,0.2205937
0,0.2206561,0,0.2206561
0,0.2207703,0,0.2207703
0,0.2208851,0,0.2208851
0,0.2209048,0,0.2209048
0,0.2209321,0,0.2209321
0,0.2209491,0,0.2209491
0,0.2209413,0,0.2209413
0,0.2208583,0,0.2208583
0.1,0.1,0.1,0.1
0.1,0.1,0.1,0.1
0.1,0.1,0.1,0.1
0.1,0.1,0.1,0.1
0.1,0.1,0.1,0.1
0.1,0.1,0.1,0.1
0.1,0.1,0.1,0.1
0.1,0.1,0.1,0.1
0.1,0.1,0.1,0.1
0.1,0.1,0.1,0.1
0.1,0.1,0.1,0.1
0.1,0.1,0.1,0.1
0.1,0.1,0.1,0.1
0.1,0.1,0.1,0.1
0.1,0.1,0.1,0.1
0.1,0.1,0.1,0.1
0.1,0.1,0.1,0.1
0.1,0.1,0.1,0.1
0.1,0.1,0.1,0.1
0.1,0.1,0.1,0.1
0.1,0.1,0.1,0.1
0.1,0.1,0.1,0.1
0.1,0.1,0.1,0.1
0.1,0.1,0.1,0.1
0.1,0.1,0.1,0.1
0.1,0.1,0.1,0.1
0.1,0.1,0.1,0.1
0.1,0.1,0.1,0.1
0.1,0.1,0.1,0.1
0.1,0.1,0.1,0.1
0.1,0.1,0.1,0.1
0.1,0.1,0.1,0.1
0.1,0.1,0.1,0.1
0.1,0.1,0.1,0.1
0.1,0.1,0.1,0.1
0.1,0.1,0.1,0.1
0.1,0.1,0.1,0.1
0.1,0.1,0.1,0.1
0.1,0.1,0.1,0.1
0.1,0.1,0.1,0.1
0.1,0.1,0.1,0.1
0.1,0.1,0.1,0.1
0.1,0.1,0.1,0.1
0.1,0.1,0.1,0.1
0.1,0.1,0.1,0.1
0.1,0.1,0.1,0.1
0.1,0.1,0.1,0.1
0.1,0.1,0.1,0.1
0.1,0.1,0.1,0.1
0.1,0.1,0.1,0.1
0.1,0.1,0.1,0.1
0.1,0.1,0.1,0.1
0.1,0.1,0.1,0.1
0.1,0.1,0.1,0.1
0.1,0.1,0.1,0.1
0.1,0.1,0.1,0.1
0.1,0.1,0.1,0.1
0.1,0.1,0.1,0.1
0.1,0.1,0.1,0.1
0.1,0.1,0.1,0.1
0.1,0.1,0.1,0.1
0.1,0.1,0.1,0.1
0.1,0.1,0.1,0.1
0.1,0.1,0.1,0.1
0.1,0.1,0.1,0.1
0.1,0.1,0.1,0.1
0.1,0.1,0.1,0.1
0.1,0.1,0.1,0.1
0.1,0.1,0.1,0.1
0.1,0.1,0.1,0.1
0.1,0.1,0.1,0.1
0.1,0.1,0.1,0.1
0.1,0.1,0.1,0.1
0.1,0.1,0.1,0.1
0.1,0.1,0.1,0.1
0.1,0.1,0.1,0.1
0.1,0.1,0.1,0.1
0.1,0.1,0.1,0.1
0.1,0.1,0.1,0.1
0.1,0.1,0.1,0.1
0.1,0.1,0.1,0.1
0.1,0.1,0.1,0.1
0.1,0.1,0.1,0.1
0.1,0.1,0.1,0.1
0.1,0.1,0.1,0.1
0.1,0.1,0.1,0.1
0.1,0.1,0.1,0.1
0.1,0.1,0.1,0.1
0.1,0.1,0.1,0.1
0.1,0.1,0.1,0.1
0.1,0.1,0.1,0.1
0.1,0.1,0.1,0.1
0.1,0.1,0.1,0.1
0.1,0.1,0.1,0.1
0.1,0.1,0.1,0.1
0.1,0.1,0.1,0.1
0.1,0.1,0.1,0.1
0.1,0.1,0.1,0.1
0.1,0.1,0.1,0.1
0.1,0.1,0.1,0.1
0.1,0.1,0.1,0.1
0.1,0.1,0.1,0.1
0.1,0.1,0.1,0.1
0.1,0.1,0.1,0.1
0.1,0.1,0.1,0.1
0.1,0.1,0.1,0.1
0.1,0.1,0.1,0.1
0.1,0.1,0.1,0.1
0.1,0.1,0.1,0.1
0.1,0.1,0.1,0.1
0.1,0.1,0.1,0.1
0.1,0.1,0.1,0.1
0.1,0.1,0.1,0.1
0.1,0.1,0.1,0.1
0.1,0.1,0.1,0.1
0.1,0.1,0.1,0.1
0.1,0.1,0.1,0.1
0.1,0.1,0.1,0.1
0.1,0.1,0.1,0.1
0.1,0.1,0.1,0.1
0.1,0.1,0.1,0.1
0.1,0.1,0.1,0.1
0.1,0.1,0.1,0.1
0.1,0.1,0.1,0.1
0.1,0.1,0.1,0.1
0.1,0.1,0.1,0.1
0.1,0.1,0.1,0.1
0.1,0.1,0.1,0.1
0.1,0.1,0.1,0.1
0.1,0.1,0.1,0.1
0.1,0.1,0.1,0.1
0.1,0.1,0.1,0.1
0.1,0.1,0.1,0.1
0.1,0.1,0.1,0.1
0.1,0.1,0.1,0.1
0.1,0.1,0.1,0.1
0.1,0.1,0.1,0.1
0.1,0.1,0.1,0.1
0.1,0.1,0.1,0.1
0.1,0.1,0.1,0.1
0.1,0.1,0.1,0.1
0.1,0.1,0.1,0.1
0.1,0.1,0.1,0.1
0.1,0.1,0.1,0.1
0.1,0.1,0.1,0.1
0.1,0.1,0.1,0.1
0.1,0.1,0.1,0.1
0.1,0.1,0.1,0.1
0.1,0.1,0.1,0.1
0.1,0.1,0.1,0.1
0.1,0.1,0.1,0.1
0.1,0.1,0.1,0.1
0.1,0.1,0.1,0.1
0.1,0.1,0.1,0.1
0.1,0.1,0.1,0.1
0.1,0.1,0.1,0.1
0.1,0.1,0.1,0.1
0.1,0.1,0.1,0.1
0.1,0.1,0.1,0.1
0.1,0.1,0.1,0.1
0.1,0.1,0.1,0.1
0.1,0.1,0.1,0.1
0.1,0.1,0.1,0.1
0.1,0.1,0.1,0.1
0.1,0.1,0.1,0.1
0.1,0.1,0.1,0.1
0.1,0.1,0.1,0.1
0.1,0.1,0.1,0.1
0.1,0.1,0.1,0.1
0.1,0.1,0.1,0.1
0.1,0.1,0.1,0.1
0.1,0.1,0.1,0.1
0.1,0.1,0.1,0.1
0.1,0.1,0.1,0.1
0.1,0.1,0.1,0.1
0.1,0.1,0.1,0.1
0.1,0.1,0.1,0.1
0.1,0.1,0.1,0.1
0.1,0.1,0.1,0.1
0.1,0.1,0.1,0.1
0.1,0.1,0.1,0.1
0.1,0.1,0.1,0.1
0.1,0.1,0.1,0.1
0.1,0.1,0.1,0.1
0.1,0.1,0.1,0.1
0.1,0.1,0.1,0.1
0.1,0.1,0.1,0.1
0.1,0.1,0.1,0.1
0.1,0.1,0.1,0.1
0.1,0.1,0.1,0.1
0.1,0.1,0.1,0.1
0.1,0.1,0.1,0.1
0.1,0.1,0.1,0.1
0.1,0.1,0.1,0.1
0.1,0.1,0.1,0.1
0.1,0.1,0.1,0.1
0.1,0.1,0.1,0.1
0.1,0.1,0.1,0.1
0.1,0.1,0.1,0.1
0.1,0.1,0.1,0.1
0.1,0.1,0.1,0.1
0.1,0.1,0.1,0.1
0.1,0.1,0.1,0.1
0.1,0.1,0.1,0.1
0.1,0.1,0.1,0.1
0.1,0.1,0.1,0.1
0.1,0.1,0.1,0.1
0.1,0.1,0.1,0.1
0.1,0.1,0.1,0.1
0.1,0.1,0.1,0.1
0.1,0.1,0.1,0.1
0.1,0.1,0.1,0.1
0.1,0.1,0.1,0.1
0.1,0.1,0.1,0.1
0.1,0.1,0.1,0.1
0.1,0.1,0.1,0.1
0.1,0.1,0.1,0.1
0.1,0.1,0.1,0.1
0.1,0.1,0.1,0.1
0.1,0.1,0.1,0.1
0.1,0.1,0.1,0.1
0.1,0.1,0.1,0.1
0.1,0.1,0.1,0.1
0.1,0.1,0.1,0.1
0.1,0.1,0.1,0.1
0.1,0.1,0.1,0.1
0.1,0.1,0.1,0.1
0.1,0.1,0.1,0.1
0.1,0.1,0.1,0.1
0.1,0.1,0.1,0.1
0.1,0.1,0.1,0.1
0.1,0.1,0.1,0.1
0.1,0.1,0.1,0.1
0.1,0.1,0.1,0.1
0.1,0.1,0.1,0.1
0.1,0.1,0.1,0.1
0.1,0.1,0.1,0.1
0.1,0.1,0.1,0.1
0.1,0.1,0.1,0.1
0.1,0.1,0.1,0.1
0.1,0.1,0.1,0.1
0.1,0.1,0.1,0.1
0.1,0.1,0.1,0.1
0.1,0.1,0.1,0.1
0.1,0.1,0.1,0.1
0.1,0.1,0.1,0.1
0.1,0.1,0.1,0.1
0.1,0.1,0.1,0.1
0.1,0.1,0.1,0.1
0.1,0.1,0.1,0.1
0.1,0.1,0.1,0.1
0.1,0.1,0.1,0.1
0.1,0.1,0.1,0.1
0.1,0.1,0.1,0.1
0.1,0.1,0.1,0.1
0.1,0.1,0.1,0.1
0.1,0.1,0.1,0.1
0.1,0.1,0.1,0.1
0.1,0.1,0.1,0.1
0.1,0.1,0.1,0.1
0.1,0.1,0.1,0.1
0.1,0.1,0.1,0.1
0.1,0.1,0.1,0.1
0.1,0.1,0.1,0.1
0.1,0.1,0.1,0.1
0.1,0.1,0.1,0.1
0.1,0.1,0.1,0.1
0.1,0.1,0.1,0.1
0.1,0.1,0.1,0.1
0.1,0.1,0.1,0.1
0.1,0.1,0.1,0.1
0.1,0.1,0.1,0.1
0.1,0.1,0.1,0.1
0.1,0.1,0.1,0.1
0.1,0.1,0.1,0.1
0.1,0.1,0.1,0.1
0.1,0.1,0.1,0.1
0.1,0.1,0.1,0.1
0.1,0.1,0.1,0.1
0.1,0.1,0.1,0.1
0.1,0.1,0.1,0.1
0.1,0.1,0.1,0.1
0.1,0.1,0.1,0.1
0.1,0.1,0.1,0.1
0.1,0.1,0.1,0.1
0.1,0.1,0.1,0.1
0.1,0.1,0.1,0.1
0.1,0.1,0.1,0.1
0.1,0.1,0.1,0.1
0.1,0.1,0.1,0.1
0.1,0.1,0.1,0.1
0.1,0.1,0.1,0.1
0.1,0.1,0.1,0.1
0.1,0.1,0.1,0.1
0.1,0.1,0.1,0.1
0.1,0.1,0.1,0.1
0.1,0.1,0.1,0.1
0.1,0.1,0.1,0.1
0.1,0.1,0.1,0.1
0.1,0.1,0.1,0.1
0.1,0.1,0.1,0.1
0.1,0.1,0.1,0.1
0.1,0.1,0.1,0.1
0.1,0.1,0.1,0.1
0.1,0.1,0.1,0.1
0.1,0.1,0.1,0.1
0.1,0.1,0.1,0.1
0.1,0.1,0.1,0.1
0.1,0.1,0.1,0.1
0.1,0.1,0.1,0.1
0.1,0.1,0.1,0.1
0.1,0.1,0.1,0.1
0.1,0.1,0.1,0.1
0.1,0.1,0.1,0.1
0.1,0.1,0.1,0.1
0.1,0.1,0.1,0.1
0.1,0.1,0.1,0.1
0.1,0.1,0.1,0.1
0.1,0.1,0.1,0.1
0.1,0.1,0.1,0.1
0.1,0.1,0.1,0.1
0.1,0.1,0.1,0.1
0.1,0.1,0.1,0.1
0.1,0.1,0.1,0.1
0.1,0.1,0.1,0.1
0.1,0.1,0.1,0.1
0.1,0.1,0.1,0.1
0.1,0.1,0.1,0.1
0.1,0.1,0.1,0.1
0.1,0.1,0.1,0.1
0.1,0.1,0.1,0.1
0.1,0.1,0.1,0.1
0.1,0.1,0.1,0.1
0.1,0.1,0.1,0.1
0.1,0.1,0.1,0.1
0.1,0.1,0.1,0.1
0.1,0.1,0.1,0.1
0.1,0.1,0.1,0.1
0.1,0.1,0.1,0.1
0.1,0.1,0.1,0.1
0.1,0.1,0.1,0.1
0.1,0.1,0.1,0.1
0.1,0.1,0.1,0.1
0.1,0.1,0.1,0.1
0.1,0.1,0.1,0.1
0.1,0.1,0.1,0.1
0.1,0.1,0.1,0.1
0.1,0.1,0.1,0.1
0.1,0.1,0.1,0.1
0.1,0.1,0.1,0.1
0.1,0.1,0.1,0.1
0.1,0.1,0.1,0.1
0.1,0.1,0.1,0.1
0.1,0.1,0.1,0.1
0.1,0.1,0.1,0.1
0.1,0.1,0.1,0.1
0.1,0.1,0.1,0.1
0.1,0.1,0.1,0.1
0.1,0.1,0.1,0.1
0.1,0.1,0.1,0.1
0.1,0.1,0.1,0.1
0.1,0.1,0.1,0.1
0.1,0.1,0.1,0.1
0.1,0.1,0.1,0.1
0.1,0.1,0.1,0.1
0.1,0.1,0.1,0.1
0.1,0.1,0.1,0.1
0.1,0.1,0.1,0.1
0.1,0.1,0.1,0.1
0.1,0.1,0.1,0.1
0.1,0.1,0.1,0.1
0.1,0.1,0.1,0.1
0.1,0.1,0.1,0.1
0.1,0.1,0.1,0.1
0.1,0.1,0.1,0.1
0.1,0.1,0.1,0.1
0.1,0.1,0.1,0.1
0.1,0.1,0.1,0.1
0.1,0.1,0.1,0.1
0.1,0.1,0.1,0.1
0.1,0.1,0.1,0.1
0.1,0.1,0.1,0.1
0.1,0.1,0.1,0.1
0.1,0.1,0.1,0.1
0.1,0.1,0.1,0.1
0.1,0.1,0.1,0.1
0.1,0.1,0.1,0.1
0.1,0.1,0.1,0.1
0.1,0.1,0.1,0.1
0.1,0.1,0.1,0.1
0.1,0.1,0.1,0.1
0.1,0.1,0.1,0.1
0.1,0.1,0.1,0.1
0.1,0.1,0.1,0.1
0.1,0.1,0.1,0.1
0.1,0.1,0.1,0.1
0.1,0.1,0.1,0.1
0.1,0.1,0.1,0.1
0.1,0.1,0.1,0.1
0.1,0.1,0.1,0.1
0.1,0.1,0.1,0.1
0.1,0.1,0.1,0.1
1,1,1,1
1,1,1,1
1,1,1,1
1,1,1,1
1,1,1,1
1,1,1,1
1,1,1,1
1,1,1,1
1,1,1,1
1,1,1,1
1,1,1,1
1,1,1,1
1,1,1,1
1,1,1,1
1,1,1,1
1,1,1,1
1,1,1,1
1,1,1,1
1,1,1,1
1,1,1,1
1,1,1,1
1,1,1,1
1,1,1,1
1,1,1,1
1,1,1,1
1,1,1,1
1,1,1,1
1,1,1,1
1,1,1,1
1,1,1,1
1,1,1,1
1,1,1,1
1,1,1,1
1,1,1,1
1,1,1,1
1,1